38
2
2
10 34 24 1 0 -1
22 34 12 1 0 2
haar_x2
6.544306e-03 0 1
2
28 32 6 3 0 -1
31 32 3 3 0 2
haar_x2
6.248605e-04 -1 -2
-3.702105e-01 3.388275e-01 -4.209034e-01 
2
2
16 24 3 8 0 -1
16 28 3 4 0 2
haar_y2
-2.760047e-03 1 0
2
1 6 18 24 0 -1
10 6 9 24 0 2
haar_x2
-1.337948e-01 -1 -2
-1.808054e-01 5.331506e-01 -1.614532e-01 
2
2
28 34 6 1 0 -1
31 34 3 1 0 2
haar_x2
-3.821292e-04 0 1
2
33 29 2 6 0 -1
33 32 2 3 0 2
haar_y2
-2.014032e-05 -1 -2
-4.436647e-01 2.630579e-01 -1.410362e-01 
2
2
3 1 25 10 0 -1
3 6 25 5 0 2
haar_y2
-6.633841e-02 0 1
2
6 5 14 20 0 -1
6 15 14 10 0 2
haar_y2
-1.068264e-01 -1 -2
2.305227e-01 1.060359e-01 -3.478267e-01 
2
2
28 19 4 3 0 -1
29 20 2 3 0 2
tilted_haar_x4
-4.384999e-03 0 1
2
28 20 4 2 0 -1
29 21 2 2 0 2
tilted_haar_x4
1.283608e-03 -1 -2
4.042238e-01 -1.893049e-01 1.771363e-01 
2
2
2 23 3 12 0 -1
2 29 3 6 0 2
haar_y2
-1.397036e-04 1 0
2
19 19 4 4 0 -1
19 21 4 2 0 2
haar_y2
-9.372568e-04 -1 -2
-2.996577e-01 3.019921e-01 -6.665208e-02 
2
2
30 1 5 3 0 -1
30 2 5 1 0 3
haar_y3
-5.416241e-03 0 1
2
0 26 1 4 0 -1
0 28 1 2 0 2
haar_y2
-2.050374e-04 -1 -2
6.868553e-01 -3.014039e-01 6.369908e-02 
2
2
13 23 3 5 0 -1
14 24 1 5 0 3
tilted_haar_x3
3.669935e-03 1 0
2
14 15 12 19 0 -1
17 15 6 19 0 2
haar_x4
-6.237202e-02 -1 -2
-6.353334e-01 -7.505000e-01 7.805024e-02 
2
3
1 0 4 6 0 -1
1 0 2 3 0 2
3 3 2 3 0 2
haar_x2_y2
-4.143005e-04 0 1
3
2 2 2 2 0 -1
2 2 1 1 0 2
3 3 1 1 0 2
haar_x2_y2
-1.425036e-05 -1 -2
-3.093139e-01 3.699706e-01 -4.932041e-02 
2
3
2 2 2 2 0 -1
2 2 1 1 0 2
3 3 1 1 0 2
haar_x2_y2
1.337719e-05 1 0
3
2 6 4 2 0 -1
2 6 2 1 0 2
4 7 2 1 0 2
haar_x2_y2
1.379218e-05 -1 -2
2.664676e-01 -2.941287e-01 1.059831e-01 
2
3
2 0 2 6 0 -1
2 0 1 3 0 2
3 3 1 3 0 2
haar_x2_y2
1.432986e-04 1 0
3
3 6 2 2 0 -1
3 6 1 1 0 2
4 7 1 1 0 2
haar_x2_y2
-1.367518e-05 -1 -2
-3.308727e-01 3.023378e-01 -6.448647e-02 
2
2
26 0 8 24 0 -1
28 0 4 24 0 2
haar_x4
-2.384138e-02 0 1
2
9 31 15 4 0 -1
9 32 15 2 0 2
haar_y4
7.296416e-04 -1 -2
4.269126e-01 -1.719922e-01 1.600294e-01 
2
3
0 29 16 4 0 -1
0 29 8 2 0 2
8 31 8 2 0 2
haar_x2_y2
-1.282742e-03 0 1
2
25 9 9 3 0 -1
28 10 3 1 0 9
haar_point
4.949600e-03 -1 -2
2.058764e-01 -2.351108e-01 1.603021e-01 
2
2
12 10 6 7 0 -1
15 10 3 7 0 2
haar_x2
-1.388162e-03 1 0
3
11 16 6 14 0 -1
11 16 3 7 0 2
14 23 3 7 0 2
haar_x2_y2
1.999110e-02 -1 -2
-1.895425e-01 1.583944e-01 -7.473760e-01 
2
2
0 20 16 13 0 -1
4 20 8 13 0 2
haar_x4
-2.863990e-02 1 0
2
25 33 6 2 0 -1
28 33 3 2 0 2
haar_x2
4.041404e-04 -1 -2
-1.035437e-01 3.832952e-01 -2.677453e-01 
2
3
3 5 2 4 0 -1
3 5 1 2 0 2
4 7 1 2 0 2
haar_x2_y2
-1.544399e-04 0 1
2
16 8 3 22 0 -1
16 19 3 11 0 2
haar_y2
2.012009e-02 -1 -2
-3.328345e-01 1.120547e-01 -5.902848e-01 
2
2
22 0 6 6 0 -1
20 2 6 2 0 3
tilted_haar_y3
-9.509074e-03 0 1
2
23 3 2 6 0 -1
21 5 2 2 0 3
tilted_haar_y3
1.802659e-03 -1 -2
2.781107e-01 -2.232997e-01 1.423389e-01 
2
2
14 20 8 3 0 -1
14 21 8 1 0 3
haar_y3
3.248514e-03 1 0
2
12 20 14 4 0 -1
12 21 14 2 0 2
haar_y4
8.831844e-04 -1 -2
-6.791460e-01 -6.885242e-02 2.501267e-01 
2
2
18 22 3 11 0 -1
19 22 1 11 0 3
haar_x3
1.680258e-03 1 0
2
20 11 6 7 0 -1
22 11 2 7 0 3
haar_x3
3.777805e-03 -1 -2
-4.874838e-01 -5.944058e-02 2.923898e-01 
2
2
10 28 2 1 0 -1
10 28 1 1 0 2
tilted_haar_x2
-7.629105e-04 0 1
2
21 8 9 24 0 -1
21 20 9 12 0 2
haar_y2
-8.334351e-02 -1 -2
-5.141726e-01 -4.630130e-01 8.580732e-02 
2
2
19 16 2 2 0 -1
19 17 2 1 0 2
haar_y2
-1.718044e-04 0 1
2
14 17 5 6 0 -1
14 19 5 2 0 3
haar_y3
1.186593e-03 -1 -2
1.957736e-01 -2.853836e-01 1.587024e-01 
2
2
20 0 2 1 0 -1
21 0 1 1 0 2
haar_x2
-7.540740e-05 0 1
2
14 24 4 3 0 -1
14 25 4 1 0 3
haar_y3
1.961188e-03 -1 -2
-2.933900e-01 1.132835e-01 -7.063925e-01 
2
2
9 12 8 10 0 -1
13 12 4 10 0 2
haar_x2
-8.989707e-04 1 0
2
21 0 7 24 0 -1
21 6 7 12 0 2
haar_y4
-7.878985e-02 -1 -2
-2.475030e-01 -5.975603e-01 1.298897e-01 
2
2
0 2 27 3 0 -1
0 3 27 1 0 3
haar_y3
-5.757035e-03 0 1
2
12 23 5 6 0 -1
12 25 5 2 0 3
haar_y3
1.224768e-03 -1 -2
3.658513e-01 -1.795319e-01 1.527949e-01 
2
2
17 22 1 3 0 -1
17 23 1 1 0 3
haar_y3
3.960459e-04 1 0
3
0 5 2 4 0 -1
0 5 1 2 0 2
1 7 1 2 0 2
haar_x2_y2
-3.262250e-04 -1 -2
-4.925294e-01 -4.523640e-01 9.787675e-02 
2
2
5 33 30 2 0 -1
15 33 10 2 0 3
haar_x3
1.095686e-02 1 0
2
13 19 4 2 0 -1
13 20 4 1 0 2
haar_y2
-2.815728e-04 -1 -2
2.600749e-01 1.427155e-01 -2.336889e-01 
2
2
13 20 7 6 0 -1
13 22 7 2 0 3
haar_y3
1.186892e-03 1 0
2
21 1 5 3 0 -1
20 2 5 1 0 3
tilted_haar_y3
1.310588e-03 -1 -2
1.948246e-01 -2.435783e-01 2.006138e-01 
2
3
31 0 4 4 0 -1
31 0 2 2 0 2
33 2 2 2 0 2
haar_x2_y2
4.533891e-04 1 0
2
25 21 9 5 0 -1
28 24 3 5 0 3
tilted_haar_x3
-1.394688e-02 -1 -2
-3.131783e-01 3.266140e-01 -2.496406e-02 
2
2
13 24 18 9 0 -1
13 27 18 3 0 3
haar_y3
3.013899e-03 0 1
3
29 27 6 8 0 -1
29 27 3 4 0 2
32 31 3 4 0 2
haar_x2_y2
5.865870e-04 -1 -2
-1.388859e-01 3.337634e-01 -1.242142e-01 
2
2
21 24 1 3 0 -1
20 25 1 1 0 3
tilted_haar_y3
-6.501274e-04 0 1
2
21 0 4 17 0 -1
23 0 2 17 0 2
haar_x2
3.882281e-03 -1 -2
-4.853059e-01 -6.433592e-02 2.605518e-01 
2
2
18 2 6 21 0 -1
20 2 2 21 0 3
haar_x3
6.614325e-03 1 0
2
33 31 2 4 0 -1
34 31 1 4 0 2
haar_x2
-1.277872e-05 -1 -2
2.441432e-01 8.478074e-02 -2.643703e-01 
2
2
33 30 2 4 0 -1
34 30 1 4 0 2
haar_x2
-1.159293e-04 0 1
2
33 29 2 4 0 -1
34 29 1 4 0 2
haar_x2
-1.523116e-05 -1 -2
-2.720313e-01 3.547357e-01 -2.353537e-02 
2
2
13 19 5 3 0 -1
13 20 5 1 0 3
haar_y3
-1.936747e-03 0 1
2
27 24 8 3 0 -1
27 25 8 1 0 3
haar_y3
2.663967e-03 -1 -2
-5.650563e-01 -1.478225e-02 4.875479e-01 
2
2
19 24 1 4 0 -1
19 26 1 2 0 2
haar_y2
-2.140310e-04 0 1
2
19 19 2 4 0 -1
19 19 1 4 0 2
tilted_haar_x2
4.626421e-04 -1 -2
1.787458e-01 -3.083200e-01 1.164829e-01 
2
2
31 9 3 3 0 -1
31 10 3 1 0 3
haar_y3
-2.961689e-03 0 1
2
21 24 5 3 0 -1
20 25 5 1 0 3
tilted_haar_y3
3.310849e-03 -1 -2
6.672730e-01 -1.615554e-03 -6.657446e-01 
2
2
23 20 12 1 0 -1
23 20 6 1 0 2
tilted_haar_x2
-2.097799e-02 0 1
2
8 10 27 24 0 -1
17 18 9 8 0 9
haar_point
2.134043e-01 -1 -2
-7.316731e-01 7.882787e-02 -4.931043e-01 
2
2
6 34 4 1 0 -1
8 34 2 1 0 2
haar_x2
-2.540204e-04 0 1
2
0 18 1 12 0 -1
0 22 1 4 0 3
haar_y3
-6.917400e-04 -1 -2
-2.001155e-01 -2.730627e-01 1.976809e-01 
2
3
7 3 26 32 0 -1
7 3 13 16 0 2
20 19 13 16 0 2
haar_x2_y2
5.817774e-02 0 1
2
11 4 16 8 0 -1
9 6 16 4 0 2
tilted_haar_y4
-5.833175e-03 -1 -2
-1.991659e-01 3.569722e-01 -8.254824e-02 
-1.429133e+00

13
-1
