37
2
2
0 32 33 3 0 -1
11 32 11 3 0 3
haar_x3
-6.851225e-02 0 1
2
4 34 26 1 0 -1
17 34 13 1 0 2
haar_x2
1.383140e-02 -1 -2
3.513758e-01 -3.737923e-01 1.416320e-01 
2
2
24 20 2 9 0 -1
24 20 1 9 0 2
tilted_haar_x2
1.214153e-03 0 1
2
15 13 3 14 0 -1
15 13 3 7 0 2
tilted_haar_y2
-1.782796e-02 -1 -2
-1.867772e-01 5.135396e-01 -1.711954e-01 
2
2
7 0 25 28 0 -1
7 14 25 14 0 2
haar_y2
-9.226051e-02 1 0
2
6 2 20 7 0 -1
16 2 10 7 0 2
haar_x2
-1.077992e-02 -1 -2
-3.424167e-01 2.871005e-01 -1.701906e-01 
2
2
34 26 1 8 0 -1
34 30 1 4 0 2
haar_y2
-2.241739e-05 1 0
3
31 26 4 8 0 -1
31 26 2 4 0 2
33 30 2 4 0 2
haar_x2_y2
-4.581377e-04 -1 -2
-2.721334e-01 -2.686145e-01 2.630840e-01 
2
2
30 2 5 3 0 -1
30 3 5 1 0 3
haar_y3
3.083949e-03 1 0
3
13 24 14 6 0 -1
13 24 7 3 0 2
20 27 7 3 0 2
haar_x2_y2
-3.540859e-03 -1 -2
5.893023e-01 2.159373e-01 -1.717034e-01 
2
2
27 32 4 3 0 -1
29 32 2 3 0 2
haar_x2
-5.796480e-04 0 1
2
26 32 6 2 0 -1
29 32 3 2 0 2
haar_x2
-1.267317e-05 -1 -2
-3.622534e-01 3.502418e-01 -6.108364e-02 
2
2
24 4 10 13 0 -1
29 4 5 13 0 2
haar_x2
2.002061e-02 1 0
2
0 24 9 10 0 -1
3 24 3 10 0 3
haar_x3
-2.196318e-02 -1 -2
1.591363e-01 4.554263e-01 -2.740899e-01 
2
3
1 8 4 8 0 -1
1 8 2 4 0 2
3 12 2 4 0 2
haar_x2_y2
-5.144727e-04 0 1
2
10 12 14 7 0 -1
17 12 7 7 0 2
haar_x2
-5.055621e-02 -1 -2
-2.969753e-01 -6.111669e-01 1.394717e-01 
2
2
15 1 20 3 0 -1
15 2 20 1 0 3
haar_y3
8.038722e-03 1 0
2
14 27 21 8 0 -1
14 29 21 4 0 2
haar_y4
1.907353e-03 -1 -2
4.813307e-01 -2.039005e-01 1.379657e-01 
2
2
17 23 3 2 0 -1
18 23 1 2 0 3
haar_x3
-4.133872e-04 0 1
2
3 17 26 14 0 -1
3 24 26 7 0 2
haar_y2
7.286572e-02 -1 -2
-4.190686e-01 1.119293e-01 -5.855412e-01 
2
2
21 22 12 1 0 -1
21 22 6 1 0 2
tilted_haar_x2
-2.092130e-02 0 1
2
28 22 6 4 0 -1
30 24 2 4 0 3
tilted_haar_x3
6.996229e-03 -1 -2
-6.661953e-01 -7.026734e-02 3.025102e-01 
2
2
28 18 6 7 0 -1
30 20 2 7 0 3
tilted_haar_x3
2.226444e-02 1 0
2
25 27 7 6 0 -1
25 30 7 3 0 2
haar_y2
4.796625e-03 -1 -2
4.813723e-01 -1.751568e-01 2.283114e-01 
2
3
1 21 2 6 0 -1
1 21 1 3 0 2
2 24 1 3 0 2
haar_x2_y2
-2.372253e-04 0 1
2
7 18 10 4 0 -1
6 19 10 2 0 2
tilted_haar_y4
2.581554e-03 -1 -2
-3.376662e-01 -1.881247e-02 3.572174e-01 
2
2
12 26 3 3 0 -1
13 27 1 1 0 9
haar_point
2.599660e-03 1 0
2
10 9 24 4 0 -1
10 11 24 2 0 2
haar_y2
-9.860430e-03 -1 -2
-6.795678e-01 2.570418e-01 -6.592055e-02 
2
2
33 5 2 5 0 -1
34 5 1 5 0 2
haar_x2
-3.955204e-04 0 1
2
14 18 9 3 0 -1
14 19 9 1 0 3
haar_y3
4.191697e-03 -1 -2
-3.155813e-01 9.863802e-02 -7.254518e-01 
2
2
29 17 2 4 0 -1
29 17 1 4 0 2
tilted_haar_x2
1.945478e-03 1 0
2
7 23 8 4 0 -1
6 24 8 2 0 2
tilted_haar_y4
2.398199e-03 -1 -2
3.111126e-01 -1.742003e-01 2.096252e-01 
2
3
0 20 4 8 0 -1
0 20 2 4 0 2
2 24 2 4 0 2
haar_x2_y2
5.221819e-04 1 0
2
19 24 2 2 0 -1
20 24 1 2 0 2
haar_x2
-8.778879e-04 -1 -2
-3.090532e-01 -9.312068e-01 1.054136e-01 
2
2
0 16 15 19 0 -1
5 16 5 19 0 3
haar_x3
-3.510448e-02 0 1
2
2 26 4 3 0 -1
4 26 2 3 0 2
haar_x2
-3.207689e-04 -1 -2
2.303861e-01 -4.348543e-01 1.215890e-02 
2
2
16 13 2 3 0 -1
17 13 1 3 0 2
haar_x2
-3.221593e-04 0 1
2
13 14 6 3 0 -1
15 14 2 3 0 3
haar_x3
-5.849063e-04 -1 -2
2.365640e-01 7.234406e-02 -3.266164e-01 
2
2
0 14 1 14 0 -1
0 21 1 7 0 2
haar_y2
-6.766888e-05 1 0
2
0 29 1 4 0 -1
0 31 1 2 0 2
haar_y2
-1.413505e-04 -1 -2
-2.292645e-01 -2.314216e-01 2.403253e-01 
2
3
0 16 16 6 0 -1
0 16 8 3 0 2
8 19 8 3 0 2
haar_x2_y2
-6.362871e-03 0 1
2
20 24 1 10 0 -1
20 24 1 5 0 2
tilted_haar_y2
1.092592e-03 -1 -2
2.396277e-01 -3.493315e-01 8.019865e-02 
2
2
15 22 6 2 0 -1
18 22 3 2 0 2
haar_x2
-8.158254e-04 0 1
2
33 23 2 3 0 -1
33 23 1 3 0 2
tilted_haar_x2
-1.039523e-03 -1 -2
2.696024e-01 1.959942e-01 -2.059511e-01 
2
2
14 21 3 3 0 -1
15 22 1 1 0 9
haar_point
1.937668e-03 1 0
2
18 0 6 1 0 -1
21 0 3 1 0 2
haar_x2
-4.204531e-04 -1 -2
-5.426800e-01 -2.495390e-01 1.356014e-01 
2
2
19 0 4 1 0 -1
21 0 2 1 0 2
haar_x2
2.058848e-04 1 0
2
19 2 2 25 0 -1
20 2 1 25 0 2
haar_x2
1.020506e-03 -1 -2
-3.147116e-01 -6.466780e-02 2.859366e-01 
2
2
12 25 8 10 0 -1
12 30 8 5 0 2
haar_y2
-5.475073e-02 0 1
2
12 26 3 1 0 -1
13 27 1 1 0 3
tilted_haar_x3
-1.276338e-03 -1 -2
-9.691659e-01 -5.307232e-01 7.123201e-02 
2
2
16 0 6 15 0 -1
18 0 2 15 0 3
haar_x3
3.960460e-03 1 0
2
15 0 4 19 0 -1
16 0 2 19 0 2
haar_x4
1.111614e-03 -1 -2
2.249936e-01 -2.411098e-01 1.435445e-01 
2
2
23 16 1 2 0 -1
23 17 1 1 0 2
haar_y2
-6.446500e-05 1 0
2
27 13 8 2 0 -1
27 13 4 2 0 2
tilted_haar_x2
-3.393723e-03 -1 -2
-1.182079e-01 4.083848e-01 -5.564533e-02 
2
2
18 21 3 8 0 -1
19 21 1 8 0 3
haar_x3
-9.082924e-04 0 1
2
17 6 12 1 0 -1
17 6 6 1 0 2
tilted_haar_x2
1.603321e-02 -1 -2
-3.335734e-01 1.136691e-01 -6.810817e-01 
2
2
28 33 2 2 0 -1
29 33 1 2 0 2
haar_x2
8.382481e-05 1 0
2
25 1 8 24 0 -1
19 7 8 12 0 2
tilted_haar_y4
5.699355e-02 -1 -2
-2.653115e-01 1.311422e-01 -4.814750e-01 
2
2
21 30 12 3 0 -1
25 31 4 1 0 9
haar_point
-6.985096e-03 0 1
2
17 16 2 2 0 -1
17 16 2 1 0 2
tilted_haar_y2
-1.529093e-04 -1 -2
3.263050e-01 1.225497e-01 -2.212930e-01 
2
3
12 0 14 34 0 -1
12 0 7 17 0 2
19 17 7 17 0 2
haar_x2_y2
4.889546e-02 1 0
2
0 31 2 4 0 -1
0 33 2 2 0 2
haar_y2
-2.642589e-04 -1 -2
1.597379e-01 -4.962801e-01 6.233498e-03 
2
2
18 27 2 3 0 -1
18 27 1 3 0 2
tilted_haar_x2
4.513636e-04 0 1
2
17 28 2 1 0 -1
17 28 1 1 0 2
tilted_haar_x2
1.279223e-03 -1 -2
-1.274746e-01 2.667622e-01 -6.383209e-01 
2
3
16 27 12 6 0 -1
16 27 6 3 0 2
22 30 6 3 0 2
haar_x2_y2
-6.010256e-03 0 1
2
20 26 8 4 0 -1
22 26 4 4 0 2
haar_x4
-3.111452e-04 -1 -2
3.084195e-01 9.007756e-02 -2.484322e-01 
2
2
26 32 2 1 0 -1
27 32 1 1 0 2
haar_x2
5.437615e-05 1 0
2
18 1 12 3 0 -1
18 2 12 1 0 3
haar_y3
-1.221206e-03 -1 -2
-2.248871e-01 4.107744e-01 4.817602e-03 
2
3
0 1 6 4 0 -1
0 1 3 2 0 2
3 3 3 2 0 2
haar_x2_y2
9.334617e-04 1 0
2
0 22 6 12 0 -1
2 22 2 12 0 3
haar_x3
-1.071808e-02 -1 -2
-4.162965e-01 5.270174e-01 1.940336e-03 
2
2
15 19 2 6 0 -1
15 21 2 2 0 3
haar_y3
4.118805e-04 1 0
2
13 17 9 8 0 -1
13 19 9 4 0 2
haar_y4
-3.103042e-03 -1 -2
2.021206e-01 1.299683e-01 -3.081741e-01 
2
2
30 13 5 3 0 -1
30 14 5 1 0 3
haar_y3
3.509912e-03 1 0
2
21 9 6 3 0 -1
23 10 2 1 0 9
haar_point
-6.752796e-03 -1 -2
5.820367e-01 3.265912e-01 -1.099468e-01 
-1.421774e+00

12
-1
