26
2
2
11 31 24 4 0 -1
23 31 12 4 0 2
haar_x2
3.347367e-02 0 1
2
27 31 4 4 0 -1
29 31 2 4 0 2
haar_x2
3.648055e-04 -1 -2
-3.992416e-01 5.017323e-01 -3.200019e-01 
2
2
2 2 26 15 0 -1
15 2 13 15 0 2
haar_x2
-3.287508e-02 1 0
2
11 0 19 26 0 -1
11 13 19 13 0 2
haar_y2
-6.720495e-02 -1 -2
-3.980726e-01 3.461454e-01 -2.963150e-01 
2
2
0 0 1 12 0 -1
0 6 1 6 0 2
haar_y2
-4.956677e-06 1 0
2
0 0 1 28 0 -1
0 14 1 14 0 2
haar_y2
-6.864391e-03 -1 -2
-3.078293e-01 -3.573776e-01 3.568140e-01 
2
2
23 8 12 27 0 -1
29 8 6 27 0 2
haar_x2
3.654579e-02 0 1
2
22 13 8 10 0 -1
24 15 4 10 0 2
tilted_haar_x4
7.032528e-03 -1 -2
-2.542706e-01 -1.550310e-02 5.006998e-01 
2
2
0 1 1 18 0 -1
0 7 1 6 0 3
haar_y3
-3.233353e-04 0 1
2
25 22 6 6 0 -1
27 24 2 6 0 3
tilted_haar_x3
1.663677e-02 -1 -2
-3.694422e-01 1.559234e-02 6.203920e-01 
2
2
25 24 1 2 0 -1
25 25 1 1 0 2
haar_y2
-1.300987e-05 0 1
2
34 26 1 6 0 -1
34 29 1 3 0 2
haar_y2
-1.560361e-05 -1 -2
2.228163e-01 7.239026e-02 -4.544261e-01 
2
2
2 20 15 15 0 -1
7 20 5 15 0 3
haar_x3
-2.918355e-02 1 0
2
24 34 4 1 0 -1
26 34 2 1 0 2
haar_x2
1.774031e-04 -1 -2
-1.798466e-01 4.364788e-01 -3.144616e-01 
2
2
2 25 2 4 0 -1
3 25 1 4 0 2
haar_x2
-1.628949e-04 1 0
2
13 19 3 10 0 -1
13 19 3 5 0 2
tilted_haar_y2
5.010561e-03 -1 -2
1.385075e-01 -4.949498e-01 1.918672e-01 
2
2
13 12 2 6 0 -1
13 14 2 2 0 3
haar_y3
8.026442e-04 1 0
2
12 12 6 6 0 -1
12 14 6 2 0 3
haar_y3
-6.824821e-04 -1 -2
2.645726e-01 5.391494e-02 -3.841273e-01 
2
2
21 23 1 3 0 -1
20 24 1 1 0 3
tilted_haar_y3
-1.111529e-03 0 1
2
23 10 7 12 0 -1
23 10 7 6 0 2
tilted_haar_y2
-5.239986e-02 -1 -2
-6.915336e-01 -7.299448e-01 8.866074e-02 
2
2
20 22 3 7 0 -1
21 22 1 7 0 3
haar_x3
-1.969053e-03 0 1
3
16 25 12 4 0 -1
16 25 6 2 0 2
22 27 6 2 0 2
haar_x2_y2
-3.311847e-03 -1 -2
-6.186783e-01 3.991374e-01 -4.975364e-02 
2
2
33 32 2 2 0 -1
34 32 1 2 0 2
haar_x2
1.239236e-04 1 0
2
23 22 12 1 0 -1
23 22 6 1 0 2
tilted_haar_x2
-2.910813e-03 -1 -2
-3.681010e-01 2.632476e-01 -1.795340e-01 
2
2
18 27 1 2 0 -1
18 28 1 1 0 2
haar_y2
-1.306997e-05 0 1
2
18 27 1 2 0 -1
18 28 1 1 0 2
haar_y2
1.354066e-05 -1 -2
1.673048e-01 -6.284123e-01 -5.408772e-02 
2
2
33 32 2 3 0 -1
34 32 1 3 0 2
haar_x2
-2.870150e-04 0 1
2
27 4 8 3 0 -1
27 5 8 1 0 3
haar_y3
2.457019e-03 -1 -2
-4.513235e-01 -1.255493e-02 4.772781e-01 
2
2
13 27 3 1 0 -1
14 28 1 1 0 3
tilted_haar_x3
1.187004e-03 1 0
2
29 18 6 9 0 -1
31 20 2 9 0 3
tilted_haar_x3
1.198137e-02 -1 -2
-6.248556e-01 -5.294985e-02 3.722957e-01 
2
2
27 17 4 12 0 -1
28 18 2 12 0 2
tilted_haar_x4
3.702108e-03 1 0
2
19 18 1 9 0 -1
19 21 1 3 0 3
haar_y3
3.656869e-04 -1 -2
3.267858e-01 -3.177967e-01 1.498823e-01 
2
3
0 21 4 6 0 -1
0 21 2 3 0 2
2 24 2 3 0 2
haar_x2_y2
3.927513e-04 1 0
2
0 18 1 10 0 -1
0 23 1 5 0 2
haar_y2
-4.007649e-05 -1 -2
-3.445683e-01 2.466945e-01 -1.658182e-01 
2
2
6 5 29 3 0 -1
6 6 29 1 0 3
haar_y3
5.770693e-03 1 0
2
30 2 2 6 0 -1
30 2 2 3 0 2
tilted_haar_y2
4.746784e-03 -1 -2
4.132311e-01 -2.267361e-01 1.546757e-01 
2
3
0 2 4 6 0 -1
0 2 2 3 0 2
2 5 2 3 0 2
haar_x2_y2
9.015701e-04 1 0
2
12 24 2 9 0 -1
9 27 2 3 0 3
tilted_haar_y3
7.767022e-03 -1 -2
-4.242737e-01 -3.771002e-02 4.118979e-01 
2
2
20 24 3 5 0 -1
21 24 1 5 0 3
haar_x3
1.138837e-03 1 0
2
0 18 15 17 0 -1
5 18 5 17 0 3
haar_x3
-3.742109e-02 -1 -2
-5.794854e-01 3.504519e-01 -5.551632e-02 
2
2
5 15 4 11 0 -1
6 15 2 11 0 2
haar_x4
1.693610e-03 1 0
2
28 11 6 19 0 -1
30 11 2 19 0 3
haar_x3
1.181882e-02 -1 -2
2.846325e-01 -2.035172e-01 2.886697e-01 
2
2
16 26 3 3 0 -1
17 27 1 1 0 9
haar_point
1.752236e-03 1 0
2
26 15 4 11 0 -1
27 16 2 11 0 2
tilted_haar_x4
5.241873e-03 -1 -2
-5.798230e-01 -3.990947e-02 4.477791e-01 
2
2
24 16 2 7 0 -1
24 16 1 7 0 2
tilted_haar_x2
1.256098e-03 0 1
2
19 13 10 4 0 -1
19 13 5 4 0 2
tilted_haar_x2
3.223677e-02 -1 -2
-1.332766e-01 3.738922e-01 -5.218715e-01 
2
2
24 19 3 6 0 -1
25 19 1 6 0 3
haar_x3
1.565787e-03 1 0
2
10 19 12 4 0 -1
10 20 12 2 0 2
haar_y4
6.639436e-03 -1 -2
-4.687636e-01 1.110209e-01 -8.075647e-01 
2
3
3 1 2 2 0 -1
3 1 1 1 0 2
4 2 1 1 0 2
haar_x2_y2
1.206574e-05 1 0
3
3 1 2 2 0 -1
3 1 1 1 0 2
4 2 1 1 0 2
haar_x2_y2
-1.361839e-05 -1 -2
2.317358e-01 1.138122e-01 -4.277430e-01 
2
3
3 0 4 4 0 -1
3 0 2 2 0 2
5 2 2 2 0 2
haar_x2_y2
-3.807763e-04 0 1
2
28 0 2 4 0 -1
29 0 1 4 0 2
haar_x2
-1.701641e-04 -1 -2
-4.422766e-01 -2.782094e-01 2.070249e-01 
-1.561644e+00

8
-1
