43
2
2
24 18 8 9 0 -1
26 20 4 9 0 2
tilted_haar_x4
-2.754172e-02 1 0
2
0 13 32 22 0 -1
8 13 16 22 0 2
haar_x4
-1.859530e-01 -1 -2
-1.513353e-01 5.661865e-01 -1.966560e-01 
2
2
8 26 10 8 0 -1
8 30 10 4 0 2
haar_y2
-9.881753e-03 1 0
2
0 26 16 1 0 -1
8 26 8 1 0 2
haar_x2
-2.117377e-03 -1 -2
-1.398960e-01 3.778504e-01 -2.421914e-01 
2
2
0 20 1 12 0 -1
0 26 1 6 0 2
haar_y2
-5.203795e-05 1 0
2
0 1 1 32 0 -1
0 9 1 16 0 2
haar_y4
5.732510e-04 -1 -2
-3.172378e-01 2.464797e-01 -1.181281e-01 
2
2
17 0 13 8 0 -1
17 4 13 4 0 2
haar_y2
-1.098388e-02 1 0
2
25 0 10 1 0 -1
30 0 5 1 0 2
haar_x2
7.782255e-04 -1 -2
-1.610387e-01 2.471226e-01 -3.403534e-01 
2
2
6 28 18 7 0 -1
15 28 9 7 0 2
haar_x2
4.940283e-02 1 0
2
9 33 21 2 0 -1
16 33 7 2 0 3
haar_x3
-8.811392e-03 -1 -2
3.161512e-01 8.563605e-02 -2.758386e-01 
2
2
16 15 16 4 0 -1
20 19 8 4 0 2
tilted_haar_x4
-6.217983e-02 0 1
2
16 24 3 1 0 -1
17 24 1 1 0 3
haar_x3
3.388069e-04 -1 -2
-6.898255e-01 7.347200e-02 -5.159798e-01 
2
2
8 14 17 2 0 -1
8 15 17 1 0 2
haar_y2
-1.922922e-03 0 1
2
26 5 7 20 0 -1
26 10 7 10 0 2
haar_y4
-1.277656e-02 -1 -2
2.085618e-01 1.113176e-01 -2.507634e-01 
2
2
28 13 6 2 0 -1
28 13 6 1 0 2
tilted_haar_y2
1.027602e-03 0 1
2
4 11 3 16 0 -1
4 19 3 8 0 2
haar_y2
-3.341551e-04 -1 -2
-1.472625e-01 2.824843e-01 -1.958948e-01 
2
2
7 9 17 18 0 -1
7 15 17 6 0 3
haar_y3
2.199761e-02 1 0
2
22 17 4 7 0 -1
23 18 2 7 0 2
tilted_haar_x4
3.151739e-03 -1 -2
2.439478e-01 -2.182245e-01 2.046442e-01 
2
2
3 33 2 2 0 -1
4 33 1 2 0 2
haar_x2
-8.402175e-05 0 1
2
11 4 21 27 0 -1
18 13 7 9 0 9
haar_point
1.234449e-01 -1 -2
-1.971780e-01 1.756224e-01 -3.802074e-01 
2
2
24 5 11 3 0 -1
24 6 11 1 0 3
haar_y3
3.268764e-03 1 0
2
1 4 1 6 0 -1
1 7 1 3 0 2
haar_y2
-1.921102e-04 -1 -2
3.521894e-01 -2.987791e-01 2.938691e-02 
2
3
1 7 10 18 0 -1
1 7 5 9 0 2
6 16 5 9 0 2
haar_x2_y2
-1.214464e-02 1 0
3
4 27 28 8 0 -1
4 27 14 4 0 2
18 31 14 4 0 2
haar_x2_y2
2.038801e-02 -1 -2
-1.453829e-01 -4.841404e-02 4.016493e-01 
2
2
30 26 4 1 0 -1
32 26 2 1 0 2
haar_x2
1.107279e-04 0 1
2
29 23 2 5 0 -1
29 23 1 5 0 2
tilted_haar_x2
2.192186e-03 -1 -2
1.109240e-01 -3.311103e-01 2.791714e-01 
2
2
12 27 3 3 0 -1
13 28 1 1 0 9
haar_point
2.109407e-03 1 0
2
11 31 7 4 0 -1
11 32 7 2 0 2
haar_y4
5.376692e-04 -1 -2
-5.472084e-01 -6.744538e-02 2.641098e-01 
2
2
28 0 2 1 0 -1
29 0 1 1 0 2
haar_x2
-1.246767e-04 0 1
2
30 2 4 33 0 -1
31 2 2 33 0 2
haar_x4
4.315231e-03 -1 -2
-3.566009e-01 -2.651744e-02 3.088476e-01 
2
2
33 29 2 2 0 -1
34 29 1 2 0 2
haar_x2
-1.467352e-04 0 1
3
11 23 4 6 0 -1
11 23 2 3 0 2
13 26 2 3 0 2
haar_x2_y2
3.256592e-04 -1 -2
-3.913707e-01 -6.630357e-02 2.478113e-01 
2
2
15 17 3 1 0 -1
16 18 1 1 0 3
tilted_haar_x3
1.191909e-03 1 0
2
33 29 2 4 0 -1
34 29 1 4 0 2
haar_x2
-1.384853e-05 -1 -2
-4.469427e-01 1.941674e-01 -9.465082e-02 
2
2
14 26 3 1 0 -1
15 26 1 1 0 3
haar_x3
7.786348e-04 1 0
2
5 13 23 6 0 -1
5 16 23 3 0 2
haar_y2
-4.682192e-02 -1 -2
-8.761882e-01 -6.410515e-01 4.674574e-02 
2
2
30 12 4 3 0 -1
30 13 4 1 0 3
haar_y3
-3.709629e-03 0 1
2
29 19 6 3 0 -1
29 20 6 1 0 3
haar_y3
3.300602e-03 -1 -2
5.992996e-01 -8.209097e-02 4.651857e-01 
2
2
24 23 1 3 0 -1
23 24 1 1 0 3
tilted_haar_y3
9.649935e-04 1 0
3
0 23 6 6 0 -1
0 23 3 3 0 2
3 26 3 3 0 2
haar_x2_y2
4.582526e-04 -1 -2
-4.686014e-01 1.296517e-01 -1.895945e-01 
2
2
0 6 4 23 0 -1
2 6 2 23 0 2
haar_x2
-1.384459e-02 0 1
2
31 2 4 14 0 -1
33 2 2 14 0 2
haar_x2
-9.217877e-04 -1 -2
3.625678e-01 -3.222478e-01 3.017389e-02 
2
2
26 19 9 3 0 -1
26 20 9 1 0 3
haar_y3
-4.074064e-03 0 1
2
0 13 2 2 0 -1
1 13 1 2 0 2
haar_x2
-8.429265e-05 -1 -2
4.479495e-01 -3.197437e-01 4.024423e-02 
2
3
4 0 2 2 0 -1
4 0 1 1 0 2
5 1 1 1 0 2
haar_x2_y2
-1.329539e-05 0 1
3
4 0 2 2 0 -1
4 0 1 1 0 2
5 1 1 1 0 2
haar_x2_y2
1.185768e-05 -1 -2
1.872996e-01 -3.432861e-01 9.580959e-02 
2
2
21 19 14 2 0 -1
21 19 7 2 0 2
tilted_haar_x2
-6.502827e-03 1 0
2
25 24 2 2 0 -1
25 24 1 2 0 2
tilted_haar_x2
1.701131e-04 -1 -2
-2.132111e-01 -3.413702e-02 3.522015e-01 
2
2
26 21 6 4 0 -1
28 23 2 4 0 3
tilted_haar_x3
7.090388e-03 1 0
2
29 15 4 9 0 -1
30 16 2 9 0 2
tilted_haar_x4
2.658560e-03 -1 -2
2.431211e-01 -2.384706e-01 1.422467e-01 
2
3
2 0 4 4 0 -1
2 0 2 2 0 2
4 2 2 2 0 2
haar_x2_y2
-4.046756e-04 0 1
2
23 5 10 30 0 -1
23 20 10 15 0 2
haar_y2
1.259978e-01 -1 -2
-3.524790e-01 1.064458e-01 -4.940773e-01 
2
2
19 22 2 2 0 -1
19 22 1 2 0 2
tilted_haar_x2
4.251626e-04 0 1
2
15 24 4 4 0 -1
16 24 2 4 0 2
haar_x4
1.797753e-03 -1 -2
-1.087857e-01 2.773996e-01 -7.907014e-01 
2
2
15 11 15 19 0 -1
20 11 5 19 0 3
haar_x3
-8.170772e-02 0 1
2
27 33 2 2 0 -1
28 33 1 2 0 2
haar_x2
5.698116e-05 -1 -2
-4.509223e-01 1.386977e-01 -1.782237e-01 
2
2
17 34 15 1 0 -1
22 34 5 1 0 3
haar_x3
-5.095754e-03 0 1
2
2 33 27 1 0 -1
11 33 9 1 0 3
haar_x3
1.103676e-02 -1 -2
4.238022e-01 -8.729766e-02 5.671861e-01 
2
2
24 7 2 2 0 -1
25 7 1 2 0 2
haar_x2
5.608487e-04 1 0
2
29 0 4 20 0 -1
30 0 2 20 0 2
haar_x4
1.423613e-03 -1 -2
2.933996e-01 -1.720413e-01 1.584227e-01 
2
2
28 11 6 23 0 -1
30 11 2 23 0 3
haar_x3
-9.278997e-03 0 1
2
13 15 20 19 0 -1
23 15 10 19 0 2
haar_x2
1.230205e-01 -1 -2
2.986451e-01 -2.199979e-01 9.706012e-02 
2
2
20 25 2 2 0 -1
21 25 1 2 0 2
haar_x2
-1.056198e-04 1 0
2
20 25 3 1 0 -1
21 25 1 1 0 3
haar_x3
-1.883862e-04 -1 -2
-1.014869e-01 -2.920731e-01 3.537073e-01 
2
3
0 1 2 4 0 -1
0 1 1 2 0 2
1 3 1 2 0 2
haar_x2_y2
-1.875533e-04 0 1
2
9 3 20 22 0 -1
14 3 10 22 0 2
haar_x4
-1.560109e-01 -1 -2
-3.848055e-01 -5.420573e-01 9.586621e-02 
2
2
13 21 3 14 0 -1
13 28 3 7 0 2
haar_y2
-2.697778e-02 0 1
2
0 1 3 32 0 -1
1 1 1 32 0 3
haar_x3
-2.851621e-03 -1 -2
-7.224690e-01 3.262926e-01 -3.886156e-02 
2
2
22 26 2 1 0 -1
23 26 1 1 0 2
haar_x2
-4.337152e-04 0 1
2
21 7 4 4 0 -1
22 7 2 4 0 2
haar_x4
1.366903e-03 -1 -2
-6.617814e-01 -4.133467e-02 3.292134e-01 
2
2
23 8 2 5 0 -1
24 8 1 5 0 2
haar_x2
5.116221e-04 1 0
3
19 13 4 8 0 -1
19 13 2 4 0 2
21 17 2 4 0 2
haar_x2_y2
-1.023431e-03 -1 -2
1.948297e-01 1.386661e-01 -2.367638e-01 
2
2
8 26 4 4 0 -1
7 27 4 2 0 2
tilted_haar_y4
-3.327224e-03 0 1
2
34 16 1 12 0 -1
34 22 1 6 0 2
haar_y2
-1.753241e-04 -1 -2
3.487561e-01 8.648139e-02 -2.036497e-01 
2
2
27 33 2 1 0 -1
28 33 1 1 0 2
haar_x2
-6.895582e-05 0 1
2
17 32 2 1 0 -1
18 32 1 1 0 2
haar_x2
-4.052184e-04 -1 -2
-3.055153e-01 -6.332667e-01 9.791061e-02 
2
2
32 2 3 3 0 -1
32 3 3 1 0 3
haar_y3
-3.980272e-03 0 1
2
34 18 1 6 0 -1
34 21 1 3 0 2
haar_y2
-3.649989e-04 -1 -2
5.776865e-01 -2.631979e-01 4.644015e-02 
2
2
6 3 1 3 0 -1
6 4 1 1 0 3
haar_y3
-1.427359e-05 1 0
2
0 3 3 6 0 -1
0 5 3 2 0 3
haar_y3
-4.269197e-04 -1 -2
-1.120210e-01 -2.661678e-01 2.928495e-01 
2
2
13 21 13 4 0 -1
13 22 13 2 0 2
haar_y4
7.346038e-03 1 0
2
28 22 7 3 0 -1
28 23 7 1 0 3
haar_y3
-5.228329e-03 -1 -2
-8.193362e-01 6.407556e-01 -6.764555e-03 
2
2
30 22 5 3 0 -1
30 23 5 1 0 3
haar_y3
2.828471e-03 1 0
2
26 15 2 1 0 -1
27 15 1 1 0 2
haar_x2
9.316548e-05 -1 -2
4.807154e-01 -1.625282e-01 1.347334e-01 
2
2
22 19 4 8 0 -1
23 20 2 8 0 2
tilted_haar_x4
4.029932e-03 1 0
2
24 13 3 10 0 -1
25 13 1 10 0 3
haar_x3
-4.720261e-03 -1 -2
2.910914e-01 -6.782086e-01 -2.438123e-02 
-1.323903e+00

16
-1
