14
2
2
1 11 32 23 0 -1
9 11 16 23 0 2
haar_x4
-1.651899e-01 1 0
3
11 21 20 14 0 -1
11 21 10 7 0 2
21 28 10 7 0 2
haar_x2_y2
1.748165e-02 -1 -2
-5.128760e-01 -4.556716e-02 7.901536e-01 
2
3
0 0 14 28 0 -1
0 0 7 14 0 2
7 14 7 14 0 2
haar_x2_y2
-3.744703e-02 0 1
2
25 10 10 8 0 -1
30 10 5 8 0 2
haar_x2
1.504452e-02 -1 -2
4.069048e-01 -5.274538e-01 1.569396e-01 
2
2
28 16 6 8 0 -1
30 18 2 8 0 3
tilted_haar_x3
-1.909284e-02 0 1
2
26 18 6 6 0 -1
28 20 2 6 0 3
tilted_haar_x3
8.463099e-03 -1 -2
5.904247e-01 -3.139414e-01 3.549819e-01 
2
2
11 0 4 22 0 -1
11 11 4 11 0 2
haar_y2
-2.113765e-02 1 0
3
3 24 32 10 0 -1
3 24 16 5 0 2
19 29 16 5 0 2
haar_x2_y2
1.677309e-02 -1 -2
-3.508215e-01 -6.689837e-02 5.064548e-01 
2
3
18 10 4 12 0 -1
18 10 2 6 0 2
20 16 2 6 0 2
haar_x2_y2
3.897406e-03 1 0
3
19 12 2 8 0 -1
19 12 1 4 0 2
20 16 1 4 0 2
haar_x2_y2
-3.365004e-04 -1 -2
4.533364e-01 2.390055e-01 -3.637559e-01 
2
2
0 7 3 12 0 -1
0 13 3 6 0 2
haar_y2
-1.701292e-05 1 0
2
0 10 2 6 0 -1
0 13 2 3 0 2
haar_y2
-5.701426e-04 -1 -2
-3.629738e-01 -2.213388e-01 4.109090e-01 
2
2
19 23 3 5 0 -1
20 23 1 5 0 3
haar_x3
-1.442229e-03 0 1
2
28 20 6 7 0 -1
30 22 2 7 0 3
tilted_haar_x3
8.564038e-03 -1 -2
-7.081969e-01 -4.136358e-02 4.866829e-01 
2
2
31 13 4 18 0 -1
32 14 2 18 0 2
tilted_haar_x4
5.055209e-03 1 0
3
22 11 6 10 0 -1
22 11 3 5 0 2
25 16 3 5 0 2
haar_x2_y2
-3.837964e-03 -1 -2
3.969242e-01 2.913722e-01 -3.295480e-01 
2
2
31 32 3 3 0 -1
32 32 1 3 0 3
haar_x3
-2.340238e-04 0 1
2
30 33 4 2 0 -1
31 33 2 2 0 2
haar_x4
1.574595e-04 -1 -2
-4.985966e-01 2.994163e-01 -3.167260e-01 
2
2
23 13 12 19 0 -1
29 13 6 19 0 2
haar_x2
1.195466e-02 0 1
2
23 27 1 2 0 -1
23 28 1 1 0 2
haar_y2
-1.561446e-05 -1 -2
-3.156957e-01 4.475529e-01 -1.054476e-01 
2
2
8 17 9 2 0 -1
8 18 9 1 0 2
haar_y2
-5.801175e-04 0 1
2
16 14 2 6 0 -1
16 17 2 3 0 2
haar_y2
1.071423e-03 -1 -2
2.812884e-01 -4.128726e-01 2.879143e-01 
2
2
4 32 22 3 0 -1
15 32 11 3 0 2
haar_x2
4.088404e-02 1 0
2
13 27 6 8 0 -1
13 31 6 4 0 2
haar_y2
-5.545469e-03 -1 -2
5.275785e-01 2.306739e-01 -2.839884e-01 
2
2
24 0 4 6 0 -1
24 0 4 3 0 2
tilted_haar_y2
1.170812e-02 1 0
2
9 3 24 3 0 -1
9 4 24 1 0 3
haar_y3
6.326668e-03 -1 -2
3.636072e-01 -2.568575e-01 4.932215e-01 
2
2
21 9 12 3 0 -1
24 9 6 3 0 2
haar_x4
-5.396321e-03 0 1
2
26 8 9 19 0 -1
29 8 3 19 0 3
haar_x3
-1.703707e-02 -1 -2
4.025011e-01 3.679859e-01 -2.524225e-01 
-1.711617e+00

3
-1
