18
2
2
0 29 33 6 0 -1
11 29 11 6 0 3
haar_x3
-1.142071e-01 0 1
2
3 34 26 1 0 -1
16 34 13 1 0 2
haar_x2
1.526947e-02 -1 -2
5.120012e-01 -4.905692e-01 2.842353e-01 
2
2
18 0 8 15 0 -1
18 0 4 15 0 2
tilted_haar_x2
7.694535e-02 1 0
2
11 0 17 6 0 -1
11 3 17 3 0 2
haar_y2
-2.373017e-02 -1 -2
3.845868e-01 3.103944e-01 -3.433706e-01 
2
2
26 15 8 9 0 -1
28 17 4 9 0 2
tilted_haar_x4
-2.342942e-02 0 1
2
25 8 8 8 0 -1
29 8 4 8 0 2
haar_x2
8.371020e-03 -1 -2
4.938733e-01 -3.623578e-01 1.313353e-01 
2
3
0 23 2 4 0 -1
0 23 1 2 0 2
1 25 1 2 0 2
haar_x2_y2
2.123353e-04 1 0
3
0 23 2 4 0 -1
0 23 1 2 0 2
1 25 1 2 0 2
haar_x2_y2
-1.534003e-04 -1 -2
-5.765331e-01 -4.602836e-01 2.330936e-01 
2
2
14 10 3 10 0 -1
14 15 3 5 0 2
haar_y2
-8.052036e-03 0 1
2
0 3 3 10 0 -1
0 8 3 5 0 2
haar_y2
-1.415111e-05 -1 -2
3.085797e-01 4.856654e-02 -5.234256e-01 
2
2
29 33 4 2 0 -1
31 33 2 2 0 2
haar_x2
1.734846e-04 1 0
2
29 33 4 2 0 -1
31 33 2 2 0 2
haar_x2
-3.854292e-04 -1 -2
-3.314156e-01 -3.887744e-01 3.354999e-01 
2
2
3 3 32 3 0 -1
3 4 32 1 0 3
haar_y3
4.692755e-03 1 0
2
26 3 9 3 0 -1
26 4 9 1 0 3
haar_y3
-7.469777e-03 -1 -2
4.339804e-01 7.048851e-01 -1.842898e-01 
2
2
24 23 2 10 0 -1
24 23 1 10 0 2
tilted_haar_x2
1.377559e-03 1 0
2
16 25 8 5 0 -1
20 25 4 5 0 2
haar_x2
1.831297e-03 -1 -2
3.128155e-01 -5.130695e-01 5.497430e-02 
2
2
18 25 3 3 0 -1
19 26 1 1 0 9
haar_point
-1.082283e-03 0 1
2
21 24 1 3 0 -1
20 25 1 1 0 3
tilted_haar_y3
9.743755e-04 -1 -2
-4.834103e-01 1.512960e-01 -5.941568e-01 
2
2
0 25 12 10 0 -1
3 25 6 10 0 2
haar_x4
-1.637690e-02 0 1
2
5 21 10 3 0 -1
10 21 5 3 0 2
haar_x2
-7.659770e-03 -1 -2
4.198272e-01 1.480393e-01 -3.704120e-01 
2
2
0 18 2 10 0 -1
0 23 2 5 0 2
haar_y2
-4.157947e-05 1 0
2
33 20 2 8 0 -1
33 24 2 4 0 2
haar_y2
-1.502073e-05 -1 -2
-2.925460e-01 3.405692e-01 -1.759641e-01 
2
2
19 25 1 2 0 -1
19 26 1 1 0 2
haar_y2
-2.410794e-05 0 1
2
14 19 9 9 0 -1
14 22 9 3 0 3
haar_y3
-5.190806e-03 -1 -2
2.199507e-01 2.191272e-01 -4.998272e-01 
2
2
0 10 1 16 0 -1
0 14 1 8 0 2
haar_y4
2.516236e-04 1 0
3
3 11 14 8 0 -1
3 11 7 4 0 2
10 15 7 4 0 2
haar_x2_y2
4.399581e-03 -1 -2
-2.845714e-01 -2.616564e-02 4.761579e-01 
2
2
19 9 4 2 0 -1
19 9 2 2 0 2
tilted_haar_x2
1.951364e-03 1 0
2
18 8 6 10 0 -1
20 8 2 10 0 3
haar_x3
7.096038e-03 -1 -2
2.645834e-01 -3.016546e-01 2.711842e-01 
2
3
9 18 4 4 0 -1
9 18 2 2 0 2
11 20 2 2 0 2
haar_x2_y2
2.088069e-04 1 0
2
26 7 9 9 0 -1
29 10 3 3 0 9
haar_point
-4.838283e-02 -1 -2
2.371826e-01 6.187696e-01 -2.414625e-01 
2
2
23 0 4 1 0 -1
25 0 2 1 0 2
haar_x2
-2.228907e-04 0 1
2
22 0 6 1 0 -1
25 0 3 1 0 2
haar_x2
3.461290e-04 -1 -2
-3.677188e-01 2.708433e-01 -2.527020e-01 
2
2
1 0 34 1 0 -1
1 0 17 1 0 2
tilted_haar_x2
5.302393e-02 1 0
2
14 24 3 2 0 -1
15 24 1 2 0 3
haar_x3
7.080240e-04 -1 -2
-8.586797e-01 1.174027e-01 -6.267081e-01 
2
2
22 23 1 3 0 -1
21 24 1 1 0 3
tilted_haar_y3
6.307170e-04 1 0
3
1 6 2 4 0 -1
1 6 1 2 0 2
2 8 1 2 0 2
haar_x2_y2
2.092184e-04 -1 -2
-4.866016e-01 1.423874e-01 -4.514972e-01 
-1.589013e+00

5
-1
