11
2
2
1 12 32 23 0 -1
9 12 16 23 0 2
haar_x4
-1.989577e-01 0 1
2
3 29 28 6 0 -1
17 29 14 6 0 2
haar_x2
8.077915e-02 -1 -2
7.250915e-01 -6.654488e-01 1.351403e-01 
2
2
16 0 12 16 0 -1
16 0 6 16 0 2
tilted_haar_x2
1.236206e-01 1 0
2
10 0 18 10 0 -1
10 5 18 5 0 2
haar_y2
-5.254793e-02 -1 -2
5.321467e-01 2.692115e-01 -5.044457e-01 
2
3
16 21 14 12 0 -1
16 21 7 6 0 2
23 27 7 6 0 2
haar_x2_y2
2.325119e-02 1 0
2
2 21 4 12 0 -1
2 27 4 6 0 2
haar_y2
-2.454148e-05 -1 -2
5.928510e-01 5.156996e-03 -6.107340e-01 
2
2
5 1 26 34 0 -1
5 18 26 17 0 2
haar_y2
-9.781460e-02 1 0
2
0 0 2 4 0 -1
0 2 2 2 0 2
haar_y2
-3.229668e-04 -1 -2
-4.752161e-01 -4.734091e-01 2.940060e-01 
2
2
33 34 2 1 0 -1
34 34 1 1 0 2
haar_x2
-1.011458e-04 0 1
2
33 34 2 1 0 -1
34 34 1 1 0 2
haar_x2
7.187397e-05 -1 -2
-5.700346e-01 3.782682e-01 -4.203871e-01 
2
2
22 10 12 12 0 -1
25 10 6 12 0 2
haar_x4
-8.620838e-03 0 1
3
22 7 10 20 0 -1
22 7 5 10 0 2
27 17 5 10 0 2
haar_x2_y2
-1.251050e-02 -1 -2
3.825230e-01 2.356727e-01 -4.211215e-01 
2
2
17 22 3 12 0 -1
18 22 1 12 0 3
haar_x3
2.361282e-03 1 0
2
18 22 3 7 0 -1
19 22 1 7 0 3
haar_x3
1.347124e-03 -1 -2
-7.350910e-01 2.243090e-01 -6.479906e-01 
2
2
23 19 8 8 0 -1
25 21 4 8 0 2
tilted_haar_x4
1.519281e-02 1 0
2
0 16 12 13 0 -1
6 16 6 13 0 2
haar_x2
-3.814873e-02 -1 -2
4.934380e-01 2.259398e-01 -3.934334e-01 
2
2
19 26 3 3 0 -1
20 26 1 3 0 3
haar_x3
5.929695e-04 1 0
3
0 8 2 2 0 -1
0 8 1 1 0 2
1 9 1 1 0 2
haar_x2_y2
1.061733e-04 -1 -2
-6.257330e-01 2.563914e-01 -4.882573e-01 
2
3
0 15 2 4 0 -1
0 15 1 2 0 2
1 17 1 2 0 2
haar_x2_y2
1.631754e-04 1 0
3
0 15 2 4 0 -1
0 15 1 2 0 2
1 17 1 2 0 2
haar_x2_y2
-1.642417e-04 -1 -2
-5.255167e-01 -3.490021e-01 2.803039e-01 
2
3
22 18 12 6 0 -1
22 18 6 3 0 2
28 21 6 3 0 2
haar_x2_y2
9.037487e-03 1 0
2
21 26 1 2 0 -1
21 27 1 1 0 2
haar_y2
-1.211170e-05 -1 -2
5.698964e-01 1.168720e-01 -3.874449e-01 
-1.850492e+00

1
-1
