23
2
2
0 25 32 10 0 -1
8 25 16 10 0 2
haar_x4
-1.133462e-01 1 0
2
0 1 1 34 0 -1
0 18 1 17 0 2
haar_y2
-2.803556e-04 -1 -2
-3.809078e-01 6.617960e-01 -4.787504e-02 
2
2
21 20 14 1 0 -1
21 20 7 1 0 2
tilted_haar_x2
-2.559365e-03 1 0
2
26 31 4 4 0 -1
28 31 2 4 0 2
haar_x2
4.088837e-04 -1 -2
-3.277083e-01 4.137058e-01 -2.038250e-01 
2
2
7 1 28 15 0 -1
14 1 14 15 0 2
haar_x4
-4.746062e-02 1 0
3
4 3 2 4 0 -1
4 3 1 2 0 2
5 5 1 2 0 2
haar_x2_y2
-1.594748e-04 -1 -2
-2.616048e-01 -3.933220e-01 3.515454e-01 
2
2
23 8 12 15 0 -1
26 8 6 15 0 2
haar_x4
-1.705536e-02 0 1
2
22 22 1 12 0 -1
22 22 1 6 0 2
tilted_haar_y2
3.148213e-03 -1 -2
3.315980e-01 -4.235432e-01 7.535975e-02 
2
3
0 19 4 4 0 -1
0 19 2 2 0 2
2 21 2 2 0 2
haar_x2_y2
3.288788e-04 1 0
3
0 19 4 4 0 -1
0 19 2 2 0 2
2 21 2 2 0 2
haar_x2_y2
-2.391065e-04 -1 -2
-4.398961e-01 -2.520011e-01 2.812347e-01 
2
2
0 20 12 14 0 -1
3 20 6 14 0 2
haar_x4
-2.354340e-02 0 1
2
13 19 3 8 0 -1
13 19 3 4 0 2
tilted_haar_y2
-8.348892e-03 -1 -2
4.895989e-01 1.431972e-01 -3.305166e-01 
2
2
1 0 33 1 0 -1
12 0 11 1 0 3
haar_x3
-4.678281e-03 0 1
2
26 34 6 1 0 -1
29 34 3 1 0 2
haar_x2
-3.546146e-04 -1 -2
-3.779862e-01 -3.185743e-01 2.236334e-01 
2
2
15 0 20 4 0 -1
15 1 20 2 0 2
haar_y4
1.042778e-02 1 0
2
30 20 4 11 0 -1
31 21 2 11 0 2
tilted_haar_x4
5.792999e-03 -1 -2
5.797697e-01 -1.751289e-01 3.160061e-01 
2
2
25 25 1 2 0 -1
25 26 1 1 0 2
haar_y2
-1.297132e-05 1 0
2
21 27 3 1 0 -1
22 27 1 1 0 3
haar_x3
-2.182292e-04 -1 -2
-1.940609e-01 -4.172887e-01 3.161426e-01 
2
2
23 9 4 2 0 -1
25 9 2 2 0 2
haar_x2
1.554436e-03 1 0
2
21 0 6 16 0 -1
23 0 2 16 0 3
haar_x3
8.226817e-03 -1 -2
3.443213e-01 -2.288697e-01 3.114172e-01 
2
2
20 4 12 8 0 -1
23 4 6 8 0 2
haar_x4
-8.840903e-03 0 1
2
23 20 2 8 0 -1
23 20 1 8 0 2
tilted_haar_x2
2.055871e-03 -1 -2
2.625781e-01 -2.683938e-01 2.409627e-01 
2
2
28 20 6 3 0 -1
30 22 2 3 0 3
tilted_haar_x3
-1.163992e-02 0 1
2
10 5 11 8 0 -1
10 9 11 4 0 2
haar_y2
-2.008498e-02 -1 -2
5.233881e-01 2.323734e-01 -2.095717e-01 
2
2
0 8 1 4 0 -1
0 10 1 2 0 2
haar_y2
-1.984383e-04 0 1
2
13 26 3 2 0 -1
14 26 1 2 0 3
haar_x3
7.348945e-04 -1 -2
-3.470879e-01 1.784923e-01 -5.516872e-01 
2
2
17 0 18 3 0 -1
17 1 18 1 0 3
haar_y3
-1.320864e-02 0 1
2
29 32 6 2 0 -1
31 32 2 2 0 3
haar_x3
3.769503e-04 -1 -2
7.631064e-01 6.192641e-02 -3.809489e-01 
2
2
1 0 18 25 0 -1
10 0 9 25 0 2
haar_x2
-5.083556e-02 0 1
2
0 10 9 7 0 -1
3 10 3 7 0 3
haar_x3
-1.665669e-02 -1 -2
1.391287e-01 5.987458e-01 -4.161623e-01 
2
2
4 28 20 7 0 -1
14 28 10 7 0 2
haar_x2
8.598536e-02 1 0
2
21 27 2 6 0 -1
21 27 1 6 0 2
tilted_haar_x2
5.955895e-04 -1 -2
6.511208e-01 -2.619144e-01 2.141870e-01 
2
2
19 19 6 6 0 -1
19 19 6 3 0 2
tilted_haar_y2
-1.658551e-02 0 1
2
20 0 8 2 0 -1
24 0 4 2 0 2
haar_x2
-1.271578e-03 -1 -2
-8.039143e-01 -2.578566e-01 1.933834e-01 
2
3
0 28 2 4 0 -1
0 28 1 2 0 2
1 30 1 2 0 2
haar_x2_y2
1.307940e-04 1 0
3
0 23 4 6 0 -1
0 23 2 3 0 2
2 26 2 3 0 2
haar_x2_y2
4.171366e-04 -1 -2
-3.925448e-01 1.949095e-01 -3.481200e-01 
2
2
18 19 6 15 0 -1
21 19 3 15 0 2
haar_x2
4.635715e-03 0 1
2
21 25 2 3 0 -1
20 26 2 1 0 3
tilted_haar_y3
-8.904774e-04 -1 -2
-2.203045e-01 -3.726001e-01 2.870132e-01 
2
2
0 2 4 29 0 -1
1 2 2 29 0 2
haar_x4
-4.715347e-03 0 1
2
31 4 1 6 0 -1
29 6 1 2 0 3
tilted_haar_y3
1.967661e-03 -1 -2
4.948903e-01 -1.981558e-01 2.435282e-01 
2
2
16 11 12 8 0 -1
16 11 6 8 0 2
tilted_haar_x2
-4.353758e-02 0 1
2
7 1 24 34 0 -1
7 18 24 17 0 2
haar_y2
-5.021049e-01 -1 -2
-4.521923e-01 -8.981206e-01 1.221601e-01 
2
2
10 11 17 4 0 -1
10 13 17 2 0 2
haar_y2
-8.812082e-03 0 1
2
8 13 19 10 0 -1
8 18 19 5 0 2
haar_y2
-4.796060e-02 -1 -2
2.931857e-01 2.758292e-01 -2.391622e-01 
2
2
14 10 8 14 0 -1
14 17 8 7 0 2
haar_y2
1.053184e-02 1 0
3
17 19 10 8 0 -1
17 19 5 4 0 2
22 23 5 4 0 2
haar_x2_y2
-6.529211e-03 -1 -2
3.521877e-01 2.675787e-01 -2.467524e-01 
-1.574372e+00

7
-1
