34
2
2
0 34 30 1 0 -1
10 34 10 1 0 3
haar_x3
-1.762026e-02 1 0
2
0 2 28 25 0 -1
14 2 14 25 0 2
haar_x2
-1.040240e-01 -1 -2
-2.538728e-01 5.063813e-01 -2.505789e-01 
2
2
27 17 6 7 0 -1
29 19 2 7 0 3
tilted_haar_x3
-2.863630e-02 0 1
2
12 0 2 22 0 -1
12 11 2 11 0 2
haar_y2
-1.063199e-02 -1 -2
5.366489e-01 5.410702e-02 -3.278293e-01 
2
3
2 21 2 4 0 -1
2 21 1 2 0 2
3 23 1 2 0 2
haar_x2_y2
1.789175e-04 1 0
2
15 3 17 2 0 -1
15 4 17 1 0 2
haar_y2
-3.517478e-03 -1 -2
-4.484039e-01 3.911926e-01 -4.839488e-02 
2
2
6 31 22 4 0 -1
17 31 11 4 0 2
haar_x2
3.878632e-02 0 1
2
0 19 16 15 0 -1
4 19 8 15 0 2
haar_x4
-1.911380e-02 -1 -2
-1.510277e-01 4.848471e-01 -1.924079e-01 
2
2
1 21 12 6 0 -1
5 21 4 6 0 3
haar_x3
1.109473e-02 0 1
2
0 16 2 16 0 -1
0 24 2 8 0 2
haar_y2
-1.871073e-04 -1 -2
-1.316542e-01 4.138011e-01 -1.500330e-01 
2
2
30 7 4 27 0 -1
31 7 2 27 0 2
haar_x4
2.968228e-03 1 0
2
7 0 28 1 0 -1
14 0 14 1 0 2
haar_x4
-2.179650e-03 -1 -2
2.775892e-01 -3.918463e-01 7.586735e-03 
2
2
33 34 2 1 0 -1
34 34 1 1 0 2
haar_x2
-9.013707e-05 0 1
2
33 33 2 2 0 -1
34 33 1 2 0 2
haar_x2
-1.371306e-05 -1 -2
-4.307739e-01 3.207111e-01 -7.351686e-02 
2
2
19 28 2 3 0 -1
19 28 1 3 0 2
tilted_haar_x2
5.964144e-04 1 0
2
16 4 16 27 0 -1
24 4 8 27 0 2
haar_x2
3.836443e-02 -1 -2
2.197117e-01 -4.735031e-01 1.557051e-02 
2
2
19 3 15 3 0 -1
19 4 15 1 0 3
haar_y3
2.015409e-03 1 0
2
11 13 12 2 0 -1
11 14 12 1 0 2
haar_y2
-1.324607e-03 -1 -2
2.823539e-01 1.273787e-01 -2.349804e-01 
2
2
0 6 1 12 0 -1
0 12 1 6 0 2
haar_y2
-1.522928e-05 1 0
2
0 3 1 22 0 -1
0 14 1 11 0 2
haar_y2
-2.268346e-03 -1 -2
-2.201010e-01 -1.209646e-01 3.131927e-01 
2
2
7 20 4 7 0 -1
9 20 2 7 0 2
haar_x2
2.839683e-03 1 0
2
26 0 9 6 0 -1
24 2 9 2 0 3
tilted_haar_y3
-5.195328e-03 -1 -2
4.369182e-01 1.755950e-01 -1.857110e-01 
2
2
0 17 22 2 0 -1
0 18 22 1 0 2
haar_y2
-1.536986e-03 0 1
3
1 15 16 4 0 -1
1 15 8 2 0 2
9 17 8 2 0 2
haar_x2_y2
1.151355e-03 -1 -2
2.089220e-01 -2.899402e-01 1.333655e-01 
2
2
20 25 1 3 0 -1
19 26 1 1 0 3
tilted_haar_y3
-7.967630e-04 0 1
2
16 21 4 6 0 -1
16 23 4 2 0 3
haar_y3
6.598781e-04 -1 -2
-4.814016e-01 -9.080154e-02 2.633956e-01 
2
2
16 20 3 4 0 -1
16 22 3 2 0 2
haar_y2
-1.503515e-03 0 1
2
17 19 3 8 0 -1
18 19 1 8 0 3
haar_x3
1.439252e-03 -1 -2
2.876744e-01 -4.834613e-02 -6.439779e-01 
2
2
16 10 11 24 0 -1
16 22 11 12 0 2
haar_y2
-1.158345e-01 0 1
2
27 0 8 3 0 -1
31 0 4 3 0 2
haar_x2
-1.023849e-03 -1 -2
-6.439008e-01 -2.527256e-01 1.339394e-01 
2
2
29 1 6 28 0 -1
31 1 2 28 0 3
haar_x3
-7.195686e-03 0 1
2
19 7 6 6 0 -1
21 7 2 6 0 3
haar_x3
6.336438e-03 -1 -2
3.397887e-01 -1.693619e-01 3.214981e-01 
2
3
27 31 8 4 0 -1
27 31 4 2 0 2
31 33 4 2 0 2
haar_x2_y2
-4.418798e-04 0 1
2
32 31 3 4 0 -1
32 33 3 2 0 2
haar_y2
-1.477405e-05 -1 -2
-2.695935e-01 2.735945e-01 -1.001227e-01 
2
2
24 1 5 4 0 -1
23 2 5 2 0 2
tilted_haar_y4
1.198173e-03 0 1
2
0 17 16 5 0 -1
8 17 8 5 0 2
haar_x2
-1.165552e-02 -1 -2
-1.295957e-01 3.728747e-01 -2.500225e-01 
2
3
29 0 6 8 0 -1
29 0 3 4 0 2
32 4 3 4 0 2
haar_x2_y2
-1.789189e-03 0 1
2
26 4 9 15 0 -1
29 4 3 15 0 3
haar_x3
9.242793e-03 -1 -2
-3.249915e-01 -4.931889e-02 3.083157e-01 
2
2
24 11 6 11 0 -1
26 13 2 11 0 3
tilted_haar_x3
6.157428e-03 1 0
2
26 23 2 1 0 -1
26 23 1 1 0 2
tilted_haar_x2
2.954165e-04 -1 -2
2.062282e-01 -2.599020e-01 2.251471e-01 
2
2
15 11 10 10 0 -1
15 11 5 10 0 2
tilted_haar_x2
-2.881654e-02 0 1
2
14 22 7 3 0 -1
14 23 7 1 0 3
haar_y3
3.391150e-03 -1 -2
-5.422038e-01 9.020221e-02 -8.527158e-01 
2
2
18 10 4 5 0 -1
19 10 2 5 0 2
haar_x4
1.547554e-03 1 0
2
27 21 8 3 0 -1
27 22 8 1 0 3
haar_y3
-5.051656e-03 -1 -2
3.150845e-01 5.924258e-01 -1.284606e-01 
2
3
2 1 2 2 0 -1
2 1 1 1 0 2
3 2 1 1 0 2
haar_x2_y2
1.367015e-04 1 0
2
15 23 3 4 0 -1
16 23 1 4 0 3
haar_x3
2.029449e-03 -1 -2
-4.708483e-01 8.531652e-02 -7.485371e-01 
2
2
0 0 35 3 0 -1
0 1 35 1 0 3
haar_y3
-7.594151e-03 0 1
2
4 1 4 1 0 -1
6 1 2 1 0 2
haar_x2
-1.658762e-04 -1 -2
4.202856e-01 -3.971695e-01 1.012946e-02 
2
2
23 26 2 1 0 -1
24 26 1 1 0 2
haar_x2
-5.037540e-04 0 1
2
26 7 9 21 0 -1
29 7 3 21 0 3
haar_x3
-6.216326e-03 -1 -2
-7.333946e-01 2.602353e-01 -7.430347e-02 
2
2
6 10 9 19 0 -1
9 10 3 19 0 3
haar_x3
-6.440886e-03 0 1
2
9 21 12 11 0 -1
12 21 6 11 0 2
haar_x4
-6.995943e-03 -1 -2
1.640186e-01 3.610152e-02 -3.846618e-01 
2
2
14 21 1 8 0 -1
14 21 1 4 0 2
tilted_haar_y2
4.952908e-03 1 0
3
8 31 26 4 0 -1
8 31 13 2 0 2
21 33 13 2 0 2
haar_x2_y2
1.884218e-03 -1 -2
3.842375e-01 -2.049738e-01 1.352519e-01 
2
2
22 8 7 4 0 -1
21 9 7 2 0 2
tilted_haar_y4
-1.565051e-03 0 1
2
12 18 3 2 0 -1
12 19 3 1 0 2
haar_y2
-2.837007e-04 -1 -2
2.108072e-01 1.247570e-01 -2.584042e-01 
2
3
0 27 2 4 0 -1
0 27 1 2 0 2
1 29 1 2 0 2
haar_x2_y2
1.665710e-04 1 0
2
17 23 3 3 0 -1
18 24 1 1 0 9
haar_point
2.860044e-03 -1 -2
-3.616533e-01 9.849411e-02 -7.768518e-01 
2
2
28 25 7 3 0 -1
28 26 7 1 0 3
haar_y3
-3.698446e-03 0 1
2
34 0 1 26 0 -1
34 13 1 13 0 2
haar_y2
-4.048033e-03 -1 -2
5.437000e-01 -2.979632e-01 6.292319e-02 
2
2
34 9 1 24 0 -1
34 17 1 8 0 3
haar_y3
-1.528758e-02 0 1
2
20 0 14 3 0 -1
20 1 14 1 0 3
haar_y3
1.999908e-03 -1 -2
5.346019e-01 -1.372411e-01 2.483141e-01 
2
3
11 12 4 14 0 -1
11 12 2 7 0 2
13 19 2 7 0 2
haar_x2_y2
2.452311e-03 0 1
3
11 10 6 18 0 -1
11 10 3 9 0 2
14 19 3 9 0 2
haar_x2_y2
2.796054e-02 -1 -2
-1.225963e-01 2.745121e-01 -5.359726e-01 
2
2
20 9 6 6 0 -1
22 9 2 6 0 3
haar_x3
3.940766e-03 1 0
2
21 0 12 3 0 -1
27 0 6 3 0 2
haar_x2
-1.628750e-03 -1 -2
2.616042e-01 -3.645686e-01 1.565203e-02 
2
2
25 0 8 1 0 -1
29 0 4 1 0 2
haar_x2
4.434876e-04 1 0
2
13 23 3 3 0 -1
14 24 1 1 0 9
haar_point
2.799638e-03 -1 -2
-2.729235e-01 1.340937e-01 -7.791966e-01 
-1.432526e+00

11
-1
