24
2
2
0 33 30 2 0 -1
10 33 10 2 0 3
haar_x3
-3.545266e-02 1 0
2
29 32 6 2 0 -1
32 32 3 2 0 2
haar_x2
3.336853e-04 -1 -2
-2.980838e-01 6.339309e-01 -2.872219e-01 
2
2
23 20 12 1 0 -1
23 20 6 1 0 2
tilted_haar_x2
-4.536618e-03 1 0
2
29 29 4 2 0 -1
31 29 2 2 0 2
haar_x2
2.191974e-04 -1 -2
-2.741165e-01 4.513132e-01 -2.625265e-01 
2
2
2 8 14 18 0 -1
9 8 7 18 0 2
haar_x2
-6.475015e-02 1 0
2
25 7 10 20 0 -1
30 7 5 20 0 2
haar_x2
2.424200e-02 -1 -2
-2.789470e-01 -9.904850e-02 4.977863e-01 
2
3
0 0 8 6 0 -1
0 0 4 3 0 2
4 3 4 3 0 2
haar_x2_y2
-9.268884e-04 0 1
3
0 0 8 6 0 -1
0 0 4 3 0 2
4 3 4 3 0 2
haar_x2_y2
6.318562e-04 -1 -2
-4.307517e-01 3.047285e-01 -2.914267e-01 
2
2
19 3 16 4 0 -1
19 4 16 2 0 2
haar_y4
-4.850547e-03 0 1
2
20 2 12 3 0 -1
20 3 12 1 0 3
haar_y3
-4.961153e-03 -1 -2
5.768723e-01 6.696036e-01 -2.078132e-01 
2
2
19 26 1 2 0 -1
19 27 1 1 0 2
haar_y2
-1.520197e-05 0 1
2
32 8 1 26 0 -1
32 8 1 13 0 2
tilted_haar_y2
1.075049e-02 -1 -2
2.417298e-01 -5.068147e-01 4.352608e-02 
2
2
7 1 28 3 0 -1
7 2 28 1 0 3
haar_y3
-6.869475e-03 0 1
2
6 0 23 6 0 -1
6 2 23 2 0 3
haar_y3
4.194051e-03 -1 -2
5.911056e-01 -2.643210e-01 2.280629e-01 
2
3
0 21 2 14 0 -1
0 21 1 7 0 2
1 28 1 7 0 2
haar_x2_y2
3.451548e-04 1 0
2
0 23 1 10 0 -1
0 28 1 5 0 2
haar_y2
-1.278101e-05 -1 -2
-4.046001e-01 2.635243e-01 -2.133368e-01 
2
2
12 0 22 1 0 -1
23 0 11 1 0 2
haar_x2
2.463350e-03 1 0
2
20 0 11 34 0 -1
20 17 11 17 0 2
haar_y2
1.293426e-01 -1 -2
-3.776564e-01 1.781803e-01 -7.575864e-01 
2
2
20 4 15 3 0 -1
20 5 15 1 0 3
haar_y3
2.127107e-03 1 0
2
26 18 6 11 0 -1
28 20 2 11 0 3
tilted_haar_x3
9.340713e-03 -1 -2
3.818416e-01 -2.476974e-01 2.459788e-01 
2
2
21 23 3 7 0 -1
22 23 1 7 0 3
haar_x3
1.644920e-03 1 0
3
1 23 6 10 0 -1
1 23 3 5 0 2
4 28 3 5 0 2
haar_x2_y2
1.169358e-03 -1 -2
-6.377629e-01 2.095545e-01 -2.400673e-01 
2
2
0 17 16 18 0 -1
4 17 8 18 0 2
haar_x4
-3.138041e-02 0 1
2
0 5 15 12 0 -1
5 9 5 4 0 9
haar_point
9.829488e-03 -1 -2
3.306158e-01 -4.087714e-01 4.941618e-02 
2
2
16 25 3 4 0 -1
17 25 1 4 0 3
haar_x3
1.243416e-03 1 0
2
30 32 2 2 0 -1
31 32 1 2 0 2
haar_x2
-2.192230e-04 -1 -2
-7.594328e-01 -4.447475e-01 1.394950e-01 
2
2
22 7 2 9 0 -1
23 7 1 9 0 2
haar_x2
8.141515e-04 1 0
2
20 8 4 17 0 -1
21 8 2 17 0 2
haar_x4
1.377589e-03 -1 -2
2.836502e-01 -4.050858e-01 1.414133e-01 
2
2
20 13 1 2 0 -1
20 14 1 1 0 2
haar_y2
-1.293820e-05 0 1
2
20 13 1 2 0 -1
20 14 1 1 0 2
haar_y2
1.338274e-05 -1 -2
1.869216e-01 -7.269889e-01 1.905023e-03 
2
3
1 10 2 4 0 -1
1 10 1 2 0 2
2 12 1 2 0 2
haar_x2_y2
-1.212617e-04 0 1
3
0 9 4 4 0 -1
0 9 2 2 0 2
2 11 2 2 0 2
haar_x2_y2
2.792595e-04 -1 -2
-3.943239e-01 1.993769e-01 -3.529651e-01 
2
2
3 0 28 3 0 -1
3 1 28 1 0 3
haar_y3
-1.025782e-02 0 1
2
17 3 6 13 0 -1
19 3 2 13 0 3
haar_x3
1.184943e-02 -1 -2
6.855291e-01 -1.248056e-01 4.531524e-01 
2
2
33 7 2 2 0 -1
34 7 1 2 0 2
haar_x2
-1.767033e-04 0 1
2
24 10 8 1 0 -1
28 10 4 1 0 2
haar_x2
1.751125e-03 -1 -2
-3.553594e-01 -4.459950e-02 3.674322e-01 
2
2
6 18 20 4 0 -1
6 20 20 2 0 2
haar_y2
-8.162294e-03 0 1
2
15 11 16 2 0 -1
15 12 16 1 0 2
haar_y2
-1.706765e-03 -1 -2
3.355309e-01 2.231483e-01 -2.652913e-01 
2
2
23 14 6 11 0 -1
25 16 2 11 0 3
tilted_haar_x3
1.072733e-02 1 0
2
25 18 6 6 0 -1
27 20 2 6 0 3
tilted_haar_x3
6.864266e-03 -1 -2
3.158911e-01 -3.065403e-01 2.186397e-01 
2
2
16 27 3 3 0 -1
17 28 1 1 0 9
haar_point
-1.026958e-03 0 1
2
18 26 3 7 0 -1
19 26 1 7 0 3
haar_x3
1.154812e-03 -1 -2
-4.075323e-01 1.532208e-01 -5.410016e-01 
2
2
10 2 25 18 0 -1
10 8 25 6 0 3
haar_y3
-7.601093e-02 0 1
2
7 14 17 4 0 -1
7 16 17 2 0 2
haar_y2
-5.655004e-03 -1 -2
3.288512e-01 1.457878e-01 -2.956802e-01 
2
2
15 9 4 20 0 -1
15 19 4 10 0 2
haar_y2
2.505001e-02 1 0
2
23 0 3 8 0 -1
21 2 3 4 0 2
tilted_haar_y4
-6.123473e-03 -1 -2
-7.311975e-01 3.713727e-01 -6.636209e-02 
2
2
20 22 3 9 0 -1
21 22 1 9 0 3
haar_x3
1.707980e-03 1 0
2
26 0 8 6 0 -1
24 2 8 2 0 3
tilted_haar_y3
-7.656143e-03 -1 -2
-5.812330e-01 3.820532e-01 -5.392837e-02 
-1.699965e+00

6
-1
