12
2
2
0 12 16 23 0 -1
8 12 8 23 0 2
haar_x2
-1.113256e-01 1 0
2
12 29 20 6 0 -1
22 29 10 6 0 2
haar_x2
2.382556e-02 -1 -2
-5.150990e-01 -2.155391e-01 8.076438e-01 
2
2
8 0 20 24 0 -1
8 12 20 12 0 2
haar_y2
-6.702410e-02 1 0
2
7 5 28 13 0 -1
14 5 14 13 0 2
haar_x4
-3.848440e-02 -1 -2
-5.163137e-01 5.896851e-01 -8.553340e-02 
2
2
26 16 8 10 0 -1
28 18 4 10 0 2
tilted_haar_x4
-2.036905e-02 0 1
2
24 20 6 4 0 -1
26 22 2 4 0 3
tilted_haar_x3
5.844177e-03 -1 -2
5.589773e-01 -3.681936e-01 2.784311e-01 
2
2
31 34 4 1 0 -1
33 34 2 1 0 2
haar_x2
-2.552128e-04 0 1
2
31 33 4 2 0 -1
33 33 2 2 0 2
haar_x2
2.258800e-04 -1 -2
-6.328648e-01 3.480262e-01 -3.919201e-01 
2
2
8 27 12 8 0 -1
8 31 12 4 0 2
haar_y2
-9.992287e-03 0 1
2
4 34 18 1 0 -1
13 34 9 1 0 2
haar_x2
1.338639e-02 -1 -2
3.509080e-01 -3.260042e-01 6.247903e-01 
2
2
0 0 5 4 0 -1
0 2 5 2 0 2
haar_y2
5.622709e-04 1 0
3
0 0 10 4 0 -1
0 0 5 2 0 2
5 2 5 2 0 2
haar_x2_y2
7.516586e-04 -1 -2
-4.638147e-01 3.355868e-01 -3.578621e-01 
2
2
0 6 14 26 0 -1
7 6 7 26 0 2
haar_x2
-3.207935e-02 0 1
2
0 6 4 27 0 -1
1 6 2 27 0 2
haar_x4
-9.056704e-03 -1 -2
2.410344e-01 7.257100e-01 -4.873378e-01 
2
2
13 3 15 3 0 -1
13 4 15 1 0 3
haar_y3
2.949868e-03 1 0
2
17 3 12 3 0 -1
17 4 12 1 0 3
haar_y3
-1.018133e-03 -1 -2
5.468990e-01 2.789332e-01 -3.156672e-01 
2
2
5 14 2 18 0 -1
5 23 2 9 0 2
haar_y2
-9.974771e-06 1 0
2
15 8 20 27 0 -1
25 8 10 27 0 2
haar_x2
3.534458e-02 -1 -2
-4.351468e-01 -2.218213e-01 3.455965e-01 
2
2
20 11 6 2 0 -1
22 11 2 2 0 3
haar_x3
9.444779e-04 1 0
2
26 5 1 6 0 -1
24 7 1 2 0 3
tilted_haar_y3
-3.380599e-03 -1 -2
3.803211e-01 4.091312e-01 -3.129940e-01 
2
2
3 0 10 1 0 -1
8 0 5 1 0 2
haar_x2
-1.177909e-03 0 1
2
5 0 6 1 0 -1
8 0 3 1 0 2
haar_x2
3.583524e-04 -1 -2
-4.757843e-01 3.118300e-01 -2.759108e-01 
2
2
20 25 1 2 0 -1
20 26 1 1 0 2
haar_y2
-1.444753e-05 0 1
2
15 19 8 8 0 -1
15 21 8 4 0 2
haar_y4
-2.362163e-03 -1 -2
2.420497e-01 1.500283e-01 -5.418919e-01 
-1.711436e+00

2
-1
