8
2
2
0 10 16 21 0 -1
8 10 8 21 0 2
haar_x2
-6.431437e-02 1 0
2
3 0 21 34 0 -1
3 17 21 17 0 2
haar_y2
-4.621695e-02 -1 -2
-6.861641e-01 8.552234e-01 -2.130978e-01 
2
2
17 6 18 29 0 -1
26 6 9 29 0 2
haar_x2
4.672070e-02 0 1
2
13 0 16 20 0 -1
13 10 16 10 0 2
haar_y2
-4.360750e-02 -1 -2
-5.461521e-01 7.529246e-01 -2.078764e-01 
2
2
8 34 26 1 0 -1
21 34 13 1 0 2
haar_x2
1.115171e-02 1 0
2
13 0 12 8 0 -1
13 0 6 8 0 2
tilted_haar_x2
4.808480e-02 -1 -2
6.286414e-01 -5.161036e-01 1.993447e-01 
2
2
5 17 2 14 0 -1
5 24 2 7 0 2
haar_y2
-1.064844e-04 1 0
2
22 26 1 3 0 -1
21 27 1 1 0 3
tilted_haar_y3
-7.537918e-04 -1 -2
-5.356172e-01 -6.365561e-01 3.054011e-01 
2
2
23 13 6 11 0 -1
25 15 2 11 0 3
tilted_haar_x3
7.567326e-03 1 0
3
11 16 16 10 0 -1
11 16 8 5 0 2
19 21 8 5 0 2
haar_x2_y2
1.215744e-02 -1 -2
4.657242e-01 -4.557487e-01 3.241665e-01 
2
2
12 0 19 10 0 -1
12 5 19 5 0 2
haar_y2
-1.392857e-02 0 1
3
0 9 14 24 0 -1
0 9 7 12 0 2
7 21 7 12 0 2
haar_x2_y2
-1.528648e-02 -1 -2
3.051002e-01 1.680494e-01 -6.439141e-01 
2
2
19 24 3 11 0 -1
20 24 1 11 0 3
haar_x3
1.814023e-03 1 0
2
18 26 3 9 0 -1
19 26 1 9 0 3
haar_x3
1.763118e-03 -1 -2
-7.653478e-01 2.796638e-01 -7.937505e-01 
2
3
12 10 18 12 0 -1
12 10 9 6 0 2
21 16 9 6 0 2
haar_x2_y2
2.218204e-02 1 0
3
17 11 14 8 0 -1
17 11 7 4 0 2
24 15 7 4 0 2
haar_x2_y2
-7.841518e-03 -1 -2
4.214995e-01 2.435524e-01 -4.254107e-01 
-1.796010e+00

-1
-1
