46
2
2
0 27 32 8 0 -1
8 27 16 8 0 2
haar_x4
-1.137777e-01 1 0
2
1 0 34 9 0 -1
18 0 17 9 0 2
haar_x2
-3.945820e-03 -1 -2
-2.169823e-01 4.326950e-01 -2.314879e-01 
2
2
24 21 2 10 0 -1
24 21 1 10 0 2
tilted_haar_x2
3.127437e-03 0 1
2
2 20 33 5 0 -1
13 20 11 5 0 3
haar_x3
-5.239983e-03 -1 -2
-1.080049e-01 4.661989e-01 -2.139050e-01 
2
3
6 6 8 28 0 -1
6 6 4 14 0 2
10 20 4 14 0 2
haar_x2_y2
1.515922e-02 1 0
2
6 5 12 6 0 -1
10 9 4 6 0 3
tilted_haar_x3
4.442438e-02 -1 -2
2.102753e-01 -2.605259e-01 1.549150e-01 
2
2
0 0 22 24 0 -1
11 0 11 24 0 2
haar_x2
-3.254571e-01 0 1
2
3 2 2 14 0 -1
3 9 2 7 0 2
haar_y2
-9.459766e-05 -1 -2
-6.070308e-01 1.779388e-01 -1.668425e-01 
2
2
27 33 8 2 0 -1
29 33 4 2 0 2
haar_x4
2.833038e-04 1 0
2
10 25 16 10 0 -1
18 25 8 10 0 2
haar_x2
2.909296e-02 -1 -2
-2.809957e-01 -1.391642e-01 2.247721e-01 
2
2
19 29 4 1 0 -1
21 29 2 1 0 2
haar_x2
-1.189488e-04 1 0
2
15 17 2 10 0 -1
15 17 2 5 0 2
tilted_haar_y2
-7.786929e-03 -1 -2
-1.090752e-01 4.771596e-01 -4.851975e-02 
2
2
19 12 10 9 0 -1
19 12 5 9 0 2
tilted_haar_x2
-4.744820e-02 0 1
3
0 21 4 4 0 -1
0 21 2 2 0 2
2 23 2 2 0 2
haar_x2_y2
3.255226e-04 -1 -2
-3.440601e-01 1.360173e-01 -2.926698e-01 
2
2
26 34 6 1 0 -1
29 34 3 1 0 2
haar_x2
-4.196882e-04 0 1
2
2 10 8 11 0 -1
6 10 4 11 0 2
haar_x2
-1.613959e-02 -1 -2
-3.764051e-01 2.796429e-01 -6.381543e-02 
2
2
19 15 4 14 0 -1
21 15 2 14 0 2
haar_x2
1.762245e-03 1 0
2
11 13 19 21 0 -1
11 20 19 7 0 3
haar_y3
4.273757e-02 -1 -2
1.398639e-01 -2.847162e-01 1.743937e-01 
2
2
13 19 6 4 0 -1
13 21 6 2 0 2
haar_y2
-2.518319e-03 0 1
2
14 20 5 6 0 -1
14 22 5 2 0 3
haar_y3
4.151874e-04 -1 -2
2.183197e-01 -3.189836e-01 7.245280e-02 
2
3
10 1 22 34 0 -1
10 1 11 17 0 2
21 18 11 17 0 2
haar_x2_y2
2.932315e-01 1 0
2
7 6 22 10 0 -1
18 6 11 10 0 2
haar_x2
-2.612117e-02 -1 -2
-5.756149e-01 1.759918e-01 -1.234038e-01 
2
2
1 5 2 3 0 -1
2 5 1 3 0 2
haar_x2
-1.506165e-05 1 0
2
0 18 4 2 0 -1
2 18 2 2 0 2
haar_x2
3.345253e-04 -1 -2
-1.270518e-01 2.424119e-01 -3.403103e-01 
2
2
13 0 2 13 0 -1
13 0 1 13 0 2
tilted_haar_x2
-4.714139e-04 1 0
3
0 15 4 4 0 -1
0 15 2 2 0 2
2 17 2 2 0 2
haar_x2_y2
-2.648427e-04 -1 -2
-9.519581e-02 -3.447723e-01 3.670522e-01 
2
2
1 24 2 2 0 -1
2 24 1 2 0 2
haar_x2
-8.895124e-05 1 0
2
0 21 9 12 0 -1
3 21 3 12 0 3
haar_x3
-2.397740e-02 -1 -2
9.455796e-02 2.082449e-01 -4.001932e-01 
2
2
12 19 3 1 0 -1
13 20 1 1 0 3
tilted_haar_x3
1.088747e-03 1 0
2
13 26 3 3 0 -1
14 27 1 1 0 9
haar_point
2.723510e-03 -1 -2
-4.521635e-01 6.925296e-02 -7.047012e-01 
2
2
11 2 21 8 0 -1
11 4 21 4 0 2
haar_y4
-1.607632e-03 0 1
2
18 2 15 3 0 -1
18 3 15 1 0 3
haar_y3
5.114259e-03 -1 -2
1.499681e-01 -1.962482e-01 4.446432e-01 
2
2
16 4 13 6 0 -1
16 4 13 3 0 2
tilted_haar_y2
-3.072808e-02 0 1
2
20 22 1 3 0 -1
19 23 1 1 0 3
tilted_haar_y3
9.519614e-04 -1 -2
-5.557528e-01 7.110939e-02 -5.074581e-01 
2
2
29 2 3 4 0 -1
28 3 3 2 0 2
tilted_haar_y4
9.115436e-04 1 0
2
26 0 8 4 0 -1
25 1 8 2 0 2
tilted_haar_y4
-2.973036e-03 -1 -2
1.819155e-01 1.571575e-01 -2.277424e-01 
2
3
4 1 4 10 0 -1
4 1 2 5 0 2
6 6 2 5 0 2
haar_x2_y2
4.322866e-04 1 0
2
21 21 3 10 0 -1
22 21 1 10 0 3
haar_x3
2.020831e-03 -1 -2
-2.482473e-01 1.341171e-01 -4.380215e-01 
2
2
9 25 6 4 0 -1
8 26 6 2 0 2
tilted_haar_y4
3.025206e-03 1 0
2
21 14 14 3 0 -1
21 15 14 1 0 3
haar_y3
4.131921e-03 -1 -2
2.791802e-01 -1.243124e-01 3.430002e-01 
2
2
13 14 22 3 0 -1
13 15 22 1 0 3
haar_y3
-1.499233e-03 1 0
2
22 7 12 8 0 -1
22 11 12 4 0 2
haar_y2
1.299227e-02 -1 -2
-9.792213e-02 3.086911e-01 -2.950820e-01 
2
2
29 32 4 2 0 -1
31 32 2 2 0 2
haar_x2
-1.250410e-05 1 0
2
30 32 2 2 0 -1
31 32 1 2 0 2
haar_x2
-9.641220e-05 -1 -2
-1.322372e-01 -1.794260e-01 2.900751e-01 
2
2
13 23 4 4 0 -1
12 24 4 2 0 2
tilted_haar_y4
1.089290e-03 1 0
3
12 18 4 10 0 -1
12 18 2 5 0 2
14 23 2 5 0 2
haar_x2_y2
5.102708e-04 -1 -2
2.186130e-01 -2.606560e-01 7.431617e-02 
2
2
14 10 8 20 0 -1
14 20 8 10 0 2
haar_y2
3.761099e-02 1 0
2
7 19 19 4 0 -1
7 21 19 2 0 2
haar_y2
-2.062413e-02 -1 -2
-4.663405e-01 -7.611058e-01 6.858594e-02 
2
2
15 17 3 6 0 -1
15 19 3 2 0 3
haar_y3
4.340246e-04 1 0
2
13 21 5 8 0 -1
13 23 5 4 0 2
haar_y4
5.874737e-04 -1 -2
1.526222e-01 -3.250191e-01 4.457340e-02 
2
2
15 24 3 1 0 -1
16 24 1 1 0 3
haar_x3
3.334627e-04 1 0
3
2 0 6 8 0 -1
2 0 3 4 0 2
5 4 3 4 0 2
haar_x2_y2
-6.775244e-04 -1 -2
-4.974223e-01 -2.035071e-01 1.209157e-01 
2
2
19 12 3 10 0 -1
20 13 1 10 0 3
tilted_haar_x3
-1.214810e-02 0 1
2
6 1 21 3 0 -1
6 2 21 1 0 3
haar_y3
9.115307e-03 -1 -2
-8.484375e-01 -2.271945e-02 4.853511e-01 
2
2
0 34 16 1 0 -1
4 34 8 1 0 2
haar_x4
-4.748823e-03 0 1
2
5 23 16 3 0 -1
9 23 8 3 0 2
haar_x4
-7.631549e-03 -1 -2
2.470684e-01 9.110365e-02 -2.233634e-01 
2
2
11 19 4 8 0 -1
11 19 4 4 0 2
tilted_haar_y2
-3.972573e-02 0 1
2
10 31 3 1 0 -1
11 32 1 1 0 3
tilted_haar_x3
-4.501644e-04 -1 -2
-5.223374e-01 -2.429559e-01 1.184785e-01 
2
2
1 9 5 20 0 -1
1 14 5 10 0 2
haar_y4
8.676964e-04 1 0
2
15 28 3 3 0 -1
16 29 1 3 0 3
tilted_haar_x3
-1.419013e-03 -1 -2
-1.462747e-01 -3.425885e-01 2.171589e-01 
2
2
20 0 14 1 0 -1
27 0 7 1 0 2
haar_x2
1.951042e-03 0 1
2
13 0 8 1 0 -1
15 0 4 1 0 2
haar_x4
-2.064257e-03 -1 -2
6.321885e-02 4.856054e-01 -4.199876e-01 
2
2
2 0 23 30 0 -1
2 15 23 15 0 2
haar_y2
-3.995453e-01 1 0
3
17 5 12 26 0 -1
17 5 6 13 0 2
23 18 6 13 0 2
haar_x2_y2
-2.552950e-02 -1 -2
3.755514e-02 7.188519e-01 -6.802970e-01 
2
2
13 25 3 3 0 -1
14 26 1 1 0 9
haar_point
2.773722e-03 1 0
2
15 22 1 4 0 -1
15 23 1 2 0 2
haar_y4
8.958279e-04 -1 -2
-6.955760e-01 4.592379e-02 -7.039924e-01 
2
2
31 19 4 12 0 -1
32 20 2 12 0 2
tilted_haar_x4
7.912179e-03 1 0
2
31 16 3 16 0 -1
32 17 1 16 0 3
tilted_haar_x3
1.056839e-03 -1 -2
2.857485e-01 -2.119305e-01 1.260603e-01 
2
2
3 0 12 2 0 -1
9 0 6 2 0 2
haar_x2
1.304868e-03 0 1
3
4 0 12 28 0 -1
4 0 6 14 0 2
10 14 6 14 0 2
haar_x2_y2
-3.655510e-02 -1 -2
7.413460e-02 5.569969e-03 -6.372373e-01 
2
2
15 26 4 2 0 -1
15 26 2 2 0 2
tilted_haar_x2
1.904278e-03 0 1
2
17 25 3 4 0 -1
18 26 1 4 0 3
tilted_haar_x3
3.762468e-03 -1 -2
-1.037961e-01 2.504132e-01 -8.584230e-01 
2
2
10 22 3 6 0 -1
11 23 1 6 0 3
tilted_haar_x3
2.327648e-03 1 0
2
18 5 6 10 0 -1
20 5 2 10 0 3
haar_x3
-1.599370e-02 -1 -2
-3.204463e-01 4.928233e-01 6.208397e-03 
2
3
1 0 2 2 0 -1
1 0 1 1 0 2
2 1 1 1 0 2
haar_x2_y2
1.314191e-05 1 0
3
1 0 2 2 0 -1
1 0 1 1 0 2
2 1 1 1 0 2
haar_x2_y2
-1.370384e-05 -1 -2
1.810643e-01 1.085071e-01 -3.515628e-01 
2
3
1 0 10 4 0 -1
1 0 5 2 0 2
6 2 5 2 0 2
haar_x2_y2
8.615426e-04 1 0
2
26 20 3 3 0 -1
27 20 1 3 0 3
haar_x3
2.390974e-03 -1 -2
-3.088935e-01 9.295581e-02 -7.246617e-01 
2
2
24 7 6 4 0 -1
26 9 2 4 0 3
tilted_haar_x3
-9.102454e-03 0 1
2
19 3 4 9 0 -1
20 3 2 9 0 2
haar_x4
1.643453e-03 -1 -2
2.236660e-01 -1.665887e-01 2.139409e-01 
2
2
30 11 5 3 0 -1
30 12 5 1 0 3
haar_y3
-5.702397e-03 0 1
3
33 24 2 2 0 -1
33 24 1 1 0 2
34 25 1 1 0 2
haar_x2_y2
-1.111049e-04 -1 -2
7.393773e-01 -3.717705e-01 3.186777e-02 
2
2
28 19 6 5 0 -1
30 21 2 5 0 3
tilted_haar_x3
-1.709846e-02 0 1
2
20 18 2 4 0 -1
20 20 2 2 0 2
haar_y2
-2.774250e-04 -1 -2
3.395987e-01 1.053293e-01 -1.781419e-01 
2
2
22 6 2 13 0 -1
23 6 1 13 0 2
haar_x2
1.207766e-03 0 1
2
23 4 3 10 0 -1
24 4 1 10 0 3
haar_x3
-1.004094e-03 -1 -2
-1.013501e-01 -3.185537e-01 3.065816e-01 
2
2
25 9 5 18 0 -1
25 18 5 9 0 2
haar_y2
-5.098437e-02 0 1
2
0 6 17 6 0 -1
0 8 17 2 0 3
haar_y3
-4.004021e-02 -1 -2
-6.513214e-01 8.020208e-01 7.055551e-03 
2
2
3 12 3 10 0 -1
3 17 3 5 0 2
haar_y2
-1.135784e-04 0 1
2
5 9 14 2 0 -1
12 9 7 2 0 2
haar_x2
2.366980e-04 -1 -2
9.895606e-02 -3.685757e-01 1.501235e-01 
2
2
17 20 4 6 0 -1
17 22 4 2 0 3
haar_y3
4.100109e-04 0 1
2
21 21 1 3 0 -1
20 22 1 1 0 3
tilted_haar_y3
1.119469e-03 -1 -2
-1.263427e-01 2.144963e-01 -5.712851e-01 
-1.429870e+00

17
-1
