38
2
3
15 20 16 14 0 -1
15 20 8 7 0 2
23 27 8 7 0 2
haar_x2_y2
3.924564e-02 0 1
2
0 8 18 27 0 -1
9 8 9 27 0 2
haar_x2
-1.912506e-01 -1 -2
-1.750692e-01 6.316893e-01 -1.072437e-01 
2
2
0 27 3 8 0 -1
0 31 3 4 0 2
haar_y2
-9.133990e-05 1 0
2
15 16 20 19 0 -1
25 16 10 19 0 2
haar_x2
2.925038e-02 -1 -2
-3.138206e-01 -3.573995e-01 2.386060e-01 
2
2
27 30 4 1 0 -1
29 30 2 1 0 2
haar_x2
1.166612e-04 1 0
2
29 30 2 5 0 -1
30 30 1 5 0 2
haar_x2
-3.039841e-04 -1 -2
-2.633336e-01 -3.902374e-01 2.110891e-01 
2
2
6 0 29 34 0 -1
6 17 29 17 0 2
haar_y2
-9.936963e-02 1 0
2
11 2 24 8 0 -1
17 2 12 8 0 2
haar_x4
-1.301402e-02 -1 -2
-3.829085e-01 2.110509e-01 -2.084817e-01 
2
2
12 10 6 14 0 -1
12 17 6 7 0 2
haar_y2
6.526022e-03 1 0
2
1 13 20 12 0 -1
1 16 20 6 0 2
haar_y4
-1.280268e-02 -1 -2
3.509193e-01 1.487437e-01 -2.437919e-01 
2
2
28 1 7 3 0 -1
28 2 7 1 0 3
haar_y3
3.950741e-03 1 0
2
1 1 34 3 0 -1
1 2 34 1 0 3
haar_y3
-8.693296e-03 -1 -2
4.730609e-01 3.706348e-01 -1.220396e-01 
2
3
0 16 4 6 0 -1
0 16 2 3 0 2
2 19 2 3 0 2
haar_x2_y2
5.274880e-04 1 0
2
21 0 3 6 0 -1
21 3 3 3 0 2
haar_y2
-4.948022e-05 -1 -2
-3.664273e-01 2.108089e-01 -1.477357e-01 
2
2
0 33 21 2 0 -1
7 33 7 2 0 3
haar_x3
-1.728622e-02 0 1
2
0 27 3 8 0 -1
0 31 3 4 0 2
haar_y2
-8.838144e-04 -1 -2
2.475155e-01 -3.488134e-01 5.456959e-02 
2
2
24 16 6 11 0 -1
26 18 2 11 0 3
tilted_haar_x3
1.310130e-02 1 0
2
22 14 6 9 0 -1
24 16 2 9 0 3
tilted_haar_x3
1.236149e-02 -1 -2
2.951713e-01 -1.949387e-01 2.241993e-01 
2
2
20 24 2 2 0 -1
21 24 1 2 0 2
haar_x2
-7.524992e-04 0 1
2
16 12 10 8 0 -1
16 12 5 8 0 2
tilted_haar_x2
-3.604364e-02 -1 -2
-7.542404e-01 -4.187232e-01 8.575308e-02 
2
2
27 4 8 9 0 -1
29 6 4 9 0 2
tilted_haar_x4
-1.708597e-02 0 1
3
26 17 6 8 0 -1
26 17 3 4 0 2
29 21 3 4 0 2
haar_x2_y2
-2.652548e-03 -1 -2
2.343972e-01 1.635267e-01 -2.094996e-01 
2
2
0 1 1 16 0 -1
0 5 1 8 0 2
haar_y4
2.495560e-04 0 1
2
9 1 25 16 0 -1
9 5 25 8 0 2
haar_y4
5.803639e-02 -1 -2
1.090195e-01 -3.824266e-01 2.640790e-01 
2
2
14 27 3 4 0 -1
15 27 1 4 0 3
haar_x3
1.103672e-03 1 0
2
20 33 4 2 0 -1
22 33 2 2 0 2
haar_x2
-1.429131e-05 -1 -2
-5.313955e-01 2.497202e-01 -7.242571e-02 
2
2
19 30 2 3 0 -1
19 30 1 3 0 2
tilted_haar_x2
4.947220e-04 1 0
2
5 9 30 9 0 -1
20 9 15 9 0 2
haar_x2
-8.144173e-02 -1 -2
2.114839e-01 -5.746638e-01 -2.778104e-02 
2
2
0 0 2 18 0 -1
0 6 2 6 0 3
haar_y3
-5.756064e-04 0 1
2
1 4 2 2 0 -1
1 5 2 1 0 2
haar_y2
-1.373513e-05 -1 -2
-2.376447e-01 3.066848e-01 -5.229077e-02 
2
3
0 4 2 2 0 -1
0 4 1 1 0 2
1 5 1 1 0 2
haar_x2_y2
1.197085e-05 1 0
3
0 4 2 2 0 -1
0 4 1 1 0 2
1 5 1 1 0 2
haar_x2_y2
-1.372474e-05 -1 -2
2.181840e-01 1.199825e-01 -3.850176e-01 
2
2
0 20 14 2 0 -1
7 20 7 2 0 2
haar_x2
-4.603731e-03 1 0
3
1 21 34 14 0 -1
1 21 17 7 0 2
18 28 17 7 0 2
haar_x2_y2
3.254703e-02 -1 -2
-2.396074e-01 -1.192429e-01 2.748656e-01 
2
2
5 34 2 1 0 -1
6 34 1 1 0 2
haar_x2
-6.518231e-05 0 1
2
0 2 5 2 0 -1
0 3 5 1 0 2
haar_y2
2.145395e-04 -1 -2
-2.453922e-01 2.020025e-01 -3.005667e-01 
2
2
18 2 13 33 0 -1
18 13 13 11 0 3
haar_y3
-2.600630e-01 0 1
2
1 0 33 1 0 -1
12 0 11 1 0 3
haar_x3
-3.999786e-03 -1 -2
-7.033619e-01 -2.603933e-01 1.224086e-01 
2
2
23 0 8 2 0 -1
27 0 4 2 0 2
haar_x2
-9.960447e-04 0 1
2
4 1 3 22 0 -1
4 12 3 11 0 2
haar_y2
-4.181097e-02 -1 -2
-2.694498e-01 6.714042e-01 2.694989e-02 
2
3
9 21 6 8 0 -1
9 21 3 4 0 2
12 25 3 4 0 2
haar_x2_y2
1.194760e-03 0 1
2
10 24 3 3 0 -1
11 24 1 3 0 3
haar_x3
-1.252457e-03 -1 -2
-1.251785e-01 -4.994994e-01 2.519839e-01 
2
2
19 24 4 8 0 -1
21 24 2 8 0 2
haar_x2
1.425087e-03 1 0
2
19 27 1 2 0 -1
19 28 1 1 0 2
haar_y2
-4.085219e-05 -1 -2
1.501753e-01 6.682111e-02 -3.942318e-01 
2
2
32 4 3 3 0 -1
32 5 3 1 0 3
haar_y3
2.169324e-03 1 0
2
14 2 20 4 0 -1
14 3 20 2 0 2
haar_y4
1.326336e-03 -1 -2
5.087482e-01 -1.715145e-01 1.464517e-01 
2
3
0 15 2 6 0 -1
0 15 1 3 0 2
1 18 1 3 0 2
haar_x2_y2
-1.955578e-04 0 1
2
1 6 3 1 0 -1
2 6 1 1 0 3
haar_x3
1.504084e-05 -1 -2
-3.175623e-01 -6.767137e-02 2.792023e-01 
2
2
18 25 1 3 0 -1
17 26 1 1 0 3
tilted_haar_y3
5.554553e-04 1 0
2
5 15 29 18 0 -1
5 24 29 9 0 2
haar_y2
-2.127255e-01 -1 -2
-3.641244e-01 -7.566684e-01 8.785066e-02 
2
2
6 21 18 2 0 -1
6 22 18 1 0 2
haar_y2
-1.280559e-03 0 1
2
15 23 1 6 0 -1
15 26 1 3 0 2
haar_y2
-5.226727e-04 -1 -2
2.064217e-01 1.285223e-01 -2.848062e-01 
2
2
25 9 4 5 0 -1
26 9 2 5 0 2
haar_x4
5.641509e-04 1 0
2
23 10 3 4 0 -1
24 10 1 4 0 3
haar_x3
7.459742e-04 -1 -2
2.012160e-01 -2.364878e-01 2.117164e-01 
2
3
30 29 4 6 0 -1
30 29 2 3 0 2
32 32 2 3 0 2
haar_x2_y2
-3.991127e-04 0 1
2
29 10 5 2 0 -1
29 10 5 1 0 2
tilted_haar_y2
4.132366e-04 -1 -2
-2.779817e-01 -1.261330e-01 2.349478e-01 
2
2
8 24 14 8 0 -1
8 26 14 4 0 2
haar_y4
1.787971e-03 1 0
3
15 17 14 8 0 -1
15 17 7 4 0 2
22 21 7 4 0 2
haar_x2_y2
-1.295440e-02 -1 -2
1.808842e-01 2.745934e-01 -2.268664e-01 
2
3
4 0 4 6 0 -1
4 0 2 3 0 2
6 3 2 3 0 2
haar_x2_y2
3.333799e-04 1 0
3
4 2 4 4 0 -1
4 2 2 2 0 2
6 4 2 2 0 2
haar_x2_y2
1.344585e-05 -1 -2
-3.003171e-01 -6.302131e-02 3.462644e-01 
2
2
15 28 3 1 0 -1
16 28 1 1 0 3
haar_x3
-1.526727e-04 0 1
2
7 6 6 18 0 -1
10 6 3 18 0 2
haar_x2
-5.905704e-03 -1 -2
-3.027871e-01 1.842413e-01 -1.432045e-01 
2
2
18 1 2 11 0 -1
18 1 1 11 0 2
tilted_haar_x2
-4.553544e-04 0 1
2
26 18 5 12 0 -1
26 21 5 6 0 2
haar_y4
1.139899e-02 -1 -2
2.705875e-01 -1.750720e-01 3.089631e-01 
2
2
0 2 2 33 0 -1
1 2 1 33 0 2
haar_x2
-8.975573e-03 0 1
2
0 28 18 1 0 -1
9 28 9 1 0 2
haar_x2
-2.050773e-03 -1 -2
5.437120e-01 7.590006e-02 -2.658760e-01 
2
2
5 18 16 16 0 -1
13 18 8 16 0 2
haar_x2
6.338032e-02 1 0
3
1 26 4 8 0 -1
1 26 2 4 0 2
3 30 2 4 0 2
haar_x2_y2
4.060413e-04 -1 -2
4.971580e-01 3.234927e-02 -3.488933e-01 
2
2
34 21 1 6 0 -1
34 24 1 3 0 2
haar_y2
-1.578344e-05 1 0
2
34 18 1 12 0 -1
34 24 1 6 0 2
haar_y2
-3.363625e-03 -1 -2
-1.635226e-01 -2.526743e-01 2.580475e-01 
2
2
27 23 7 3 0 -1
27 24 7 1 0 3
haar_y3
-3.833068e-03 0 1
2
30 23 5 3 0 -1
30 24 5 1 0 3
haar_y3
2.523923e-03 -1 -2
5.651990e-01 -1.062262e-01 4.967599e-01 
2
2
8 21 15 6 0 -1
13 23 5 2 0 9
haar_point
5.162719e-02 1 0
2
13 24 7 3 0 -1
13 25 7 1 0 3
haar_y3
3.029179e-03 -1 -2
-9.386948e-01 6.585687e-02 -7.567601e-01 
2
3
24 15 8 8 0 -1
24 15 4 4 0 2
28 19 4 4 0 2
haar_x2_y2
-1.589161e-03 0 1
2
26 9 6 8 0 -1
28 11 2 8 0 3
tilted_haar_x3
8.627954e-03 -1 -2
1.497070e-01 -3.151571e-01 1.013687e-01 
-1.379726e+00

14
-1
