9
2
2
0 10 18 19 0 -1
9 10 9 19 0 2
haar_x2
-9.094512e-02 1 0
2
11 22 24 13 0 -1
23 22 12 13 0 2
haar_x2
8.034182e-03 -1 -2
-6.204730e-01 -2.789637e-01 8.375720e-01 
2
2
14 27 20 8 0 -1
24 27 10 8 0 2
haar_x2
6.423774e-02 1 0
2
11 1 24 16 0 -1
17 1 12 16 0 2
haar_x4
-2.812613e-02 -1 -2
6.391441e-01 1.965680e-01 -5.779367e-01 
2
2
18 0 8 18 0 -1
18 0 4 18 0 2
tilted_haar_x2
7.814166e-02 1 0
2
3 31 24 4 0 -1
15 31 12 4 0 2
haar_x2
5.982547e-02 -1 -2
5.809802e-01 -3.161036e-01 5.037681e-01 
2
2
0 16 1 6 0 -1
0 19 1 3 0 2
haar_y2
-4.645265e-04 0 1
2
0 14 1 4 0 -1
0 16 1 2 0 2
haar_y2
-1.808856e-04 -1 -2
-5.107980e-01 -3.690995e-01 3.497343e-01 
2
2
19 0 16 15 0 -1
19 0 8 15 0 2
tilted_haar_x2
-4.569671e-02 0 1
2
31 34 2 1 0 -1
32 34 1 1 0 2
haar_x2
-9.738041e-05 -1 -2
-5.641205e-01 -5.549408e-01 2.845280e-01 
2
2
31 34 2 1 0 -1
32 34 1 1 0 2
haar_x2
7.290783e-05 1 0
2
6 5 24 30 0 -1
6 20 24 15 0 2
haar_y2
-3.886605e-01 -1 -2
-5.733164e-01 -8.553454e-01 2.721032e-01 
2
2
16 25 3 2 0 -1
17 25 1 2 0 3
haar_x3
6.639510e-04 1 0
2
15 25 3 1 0 -1
16 25 1 1 0 3
haar_x3
4.060476e-04 -1 -2
-8.046180e-01 1.652799e-01 -7.811157e-01 
2
3
0 6 2 2 0 -1
0 6 1 1 0 2
1 7 1 1 0 2
haar_x2_y2
1.132686e-04 1 0
2
27 12 8 12 0 -1
31 12 4 12 0 2
haar_x2
1.647804e-02 -1 -2
-6.087466e-01 -7.674135e-02 5.348364e-01 
2
2
28 14 6 12 0 -1
30 16 2 12 0 3
tilted_haar_x3
1.455629e-02 1 0
2
28 19 6 8 0 -1
30 21 2 8 0 3
tilted_haar_x3
1.989679e-02 -1 -2
5.669659e-01 -2.615469e-01 6.689598e-01 
-1.751054e+00

0
-1
