32
2
3
10 23 20 12 0 -1
10 23 10 6 0 2
20 29 10 6 0 2
haar_x2_y2
3.126477e-02 0 1
2
0 9 16 26 0 -1
8 9 8 26 0 2
haar_x2
-1.269960e-01 -1 -2
-2.300189e-01 6.549556e-01 -2.285522e-01 
2
2
0 27 1 8 0 -1
0 31 1 4 0 2
haar_y2
-1.610597e-05 1 0
2
0 28 1 6 0 -1
0 31 1 3 0 2
haar_y2
-2.151430e-04 -1 -2
-3.362279e-01 -7.881784e-02 4.160872e-01 
2
2
23 13 12 1 0 -1
29 13 6 1 0 2
haar_x2
3.748762e-03 1 0
2
1 5 21 4 0 -1
8 5 7 4 0 3
haar_x3
1.168310e-02 -1 -2
2.064114e-01 -3.732785e-01 6.634273e-02 
2
2
22 24 1 10 0 -1
22 24 1 5 0 2
tilted_haar_y2
1.961038e-03 0 1
2
8 0 23 28 0 -1
8 14 23 14 0 2
haar_y2
-9.377489e-02 -1 -2
-1.965639e-01 3.584192e-01 -2.080407e-01 
2
2
0 0 2 14 0 -1
0 7 2 7 0 2
haar_y2
-1.602881e-05 1 0
2
28 15 6 8 0 -1
30 17 2 8 0 3
tilted_haar_x3
-1.408898e-02 -1 -2
-2.634518e-01 5.063425e-01 -1.576843e-02 
2
2
18 23 3 4 0 -1
19 23 1 4 0 3
haar_x3
1.592773e-03 1 0
2
4 32 20 3 0 -1
14 32 10 3 0 2
haar_x2
4.754837e-02 -1 -2
-8.005912e-01 -1.057428e-02 6.137093e-01 
2
2
10 11 8 7 0 -1
14 11 4 7 0 2
haar_x2
-1.652083e-03 1 0
2
7 9 9 21 0 -1
10 9 3 21 0 3
haar_x3
-5.196149e-03 -1 -2
-2.516408e-01 3.525050e-01 -6.947763e-02 
2
2
31 32 4 3 0 -1
33 32 2 3 0 2
haar_x2
2.056931e-04 1 0
2
32 29 2 6 0 -1
33 29 1 6 0 2
haar_x2
-2.988311e-04 -1 -2
-2.903176e-01 -3.044136e-01 2.220395e-01 
2
2
29 6 6 17 0 -1
31 8 2 17 0 3
tilted_haar_x3
-2.783890e-02 0 1
2
20 22 2 7 0 -1
20 22 1 7 0 2
tilted_haar_x2
9.472278e-04 -1 -2
4.169885e-01 -2.413522e-01 1.660583e-01 
2
2
16 24 3 3 0 -1
17 25 1 1 0 9
haar_point
1.968424e-03 1 0
2
19 11 16 7 0 -1
23 15 8 7 0 2
tilted_haar_x4
-1.076757e-01 -1 -2
-6.525500e-01 -7.679729e-01 8.030070e-02 
2
2
13 23 3 1 0 -1
14 24 1 1 0 3
tilted_haar_x3
1.624457e-03 1 0
2
13 21 8 3 0 -1
13 22 8 1 0 3
haar_y3
3.973359e-03 -1 -2
-7.540510e-01 5.964698e-02 -8.235528e-01 
2
2
0 10 3 10 0 -1
0 15 3 5 0 2
haar_y2
-4.995509e-05 1 0
2
0 0 1 34 0 -1
0 17 1 17 0 2
haar_y2
-9.193463e-03 -1 -2
-2.211611e-01 -2.081267e-01 2.476607e-01 
2
2
26 0 9 3 0 -1
26 1 9 1 0 3
haar_y3
-1.004494e-02 0 1
2
6 0 24 3 0 -1
6 1 24 1 0 3
haar_y3
8.202967e-03 -1 -2
7.795060e-01 -9.796938e-02 4.536442e-01 
2
2
20 13 2 3 0 -1
21 13 1 3 0 2
haar_x2
4.648733e-04 1 0
2
19 13 6 2 0 -1
21 13 2 2 0 3
haar_x3
-1.467851e-03 -1 -2
2.807944e-01 2.191968e-01 -2.506452e-01 
2
2
14 22 5 2 0 -1
14 23 5 1 0 2
haar_y2
-4.466360e-04 0 1
2
12 22 7 6 0 -1
12 24 7 2 0 3
haar_y3
7.106614e-04 -1 -2
2.571568e-01 -3.710469e-01 1.401424e-01 
2
2
16 23 1 3 0 -1
16 24 1 1 0 3
haar_y3
3.915587e-04 1 0
2
6 2 6 1 0 -1
9 2 3 1 0 2
haar_x2
-3.198028e-04 -1 -2
-5.560305e-01 -2.649826e-01 1.464063e-01 
2
2
26 8 2 3 0 -1
27 8 1 3 0 2
haar_x2
7.594991e-04 1 0
2
23 9 6 1 0 -1
25 9 2 1 0 3
haar_x3
3.745024e-04 -1 -2
2.993122e-01 -2.733195e-01 1.271651e-01 
2
2
2 14 10 2 0 -1
2 14 5 2 0 2
tilted_haar_x2
1.446165e-02 1 0
2
20 29 2 3 0 -1
20 29 1 3 0 2
tilted_haar_x2
6.585022e-04 -1 -2
2.215255e-01 -3.081444e-01 2.132843e-01 
2
2
10 20 12 12 0 -1
14 20 4 12 0 3
haar_x3
-1.366211e-02 0 1
3
27 9 8 26 0 -1
27 9 4 13 0 2
31 22 4 13 0 2
haar_x2_y2
-1.066005e-02 -1 -2
2.245198e-01 1.002194e-01 -3.519163e-01 
2
2
17 28 3 4 0 -1
18 28 1 4 0 3
haar_x3
5.893036e-04 1 0
2
19 27 3 4 0 -1
20 27 1 4 0 3
haar_x3
9.005612e-04 -1 -2
-4.794628e-01 1.386108e-01 -5.001698e-01 
2
2
10 27 12 8 0 -1
16 27 6 8 0 2
haar_x2
1.512802e-02 1 0
2
25 22 6 5 0 -1
27 24 2 5 0 3
tilted_haar_x3
-1.201979e-02 -1 -2
2.229575e-01 2.575510e-01 -2.449254e-01 
2
3
9 11 14 20 0 -1
9 11 7 10 0 2
16 21 7 10 0 2
haar_x2_y2
8.609532e-02 1 0
2
16 25 3 3 0 -1
16 26 3 1 0 3
haar_y3
1.193702e-03 -1 -2
-6.443990e-01 9.000856e-02 -5.630092e-01 
2
2
17 23 10 9 0 -1
17 26 10 3 0 3
haar_y3
2.674625e-03 0 1
2
7 15 11 16 0 -1
7 23 11 8 0 2
haar_y2
-1.495780e-03 -1 -2
-1.606276e-01 3.757279e-01 -1.616682e-01 
2
2
21 24 2 3 0 -1
21 24 1 3 0 2
tilted_haar_x2
4.191456e-04 0 1
2
17 26 3 2 0 -1
18 26 1 2 0 3
haar_x3
4.404235e-04 -1 -2
-1.337729e-01 3.416942e-01 -4.073521e-01 
2
2
30 15 4 16 0 -1
31 16 2 16 0 2
tilted_haar_x4
3.840000e-03 1 0
2
5 5 30 30 0 -1
15 15 10 10 0 9
haar_point
2.080208e-01 -1 -2
2.736894e-01 -4.087834e-02 -7.281772e-01 
2
2
29 8 6 15 0 -1
31 10 2 15 0 3
tilted_haar_x3
1.116679e-02 1 0
2
4 2 11 21 0 -1
4 9 11 7 0 3
haar_y3
-2.646536e-02 -1 -2
2.618011e-01 1.931046e-01 -2.552189e-01 
2
3
0 0 8 4 0 -1
0 0 4 2 0 2
4 2 4 2 0 2
haar_x2_y2
4.520483e-04 1 0
2
33 23 2 3 0 -1
34 23 1 3 0 2
haar_x2
-2.151011e-04 -1 -2
-3.454927e-01 -3.036018e-01 1.694468e-01 
2
2
17 1 4 10 0 -1
17 1 2 10 0 2
tilted_haar_x2
-1.517221e-03 0 1
2
29 23 6 3 0 -1
31 24 2 1 0 9
haar_point
3.799959e-03 -1 -2
3.201897e-01 -1.803804e-01 2.787966e-01 
2
2
20 19 3 11 0 -1
21 19 1 11 0 3
haar_x3
3.257848e-03 1 0
2
15 1 6 17 0 -1
17 1 2 17 0 3
haar_x3
-5.788868e-03 -1 -2
-6.980155e-01 2.922447e-01 -6.968655e-02 
2
2
15 4 6 9 0 -1
17 4 2 9 0 3
haar_x3
3.228395e-03 1 0
2
27 21 5 4 0 -1
27 22 5 2 0 2
haar_y4
1.699055e-03 -1 -2
2.601303e-01 -1.865776e-01 2.797652e-01 
2
3
0 6 2 4 0 -1
0 6 1 2 0 2
1 8 1 2 0 2
haar_x2_y2
1.994023e-04 1 0
2
26 6 2 16 0 -1
26 6 2 8 0 2
tilted_haar_y2
-3.375251e-02 -1 -2
-4.418908e-01 -9.362580e-01 9.618121e-02 
2
2
33 25 1 6 0 -1
33 28 1 3 0 2
haar_y2
-1.294124e-05 1 0
2
33 3 2 24 0 -1
33 15 2 12 0 2
haar_y2
-1.001844e-02 -1 -2
-1.958452e-01 -3.023574e-01 2.513911e-01 
-1.509161e+00

10
-1
