0 0 0 0 0 0 0 0
0 0 0 0 0 0 0 0
0 0 0 0 0 0 0 0
0 0 0 0 0 0 0 0
0 0 0 0 0 0 0 0
0.184297 0.113685 0.0981214 0.0312428 0.0346618 0.0498284 0.0827746 0.0585715
0 0 0 0 0 0 0 0
0 0 0 0 0 0 0 0
0 0 0 0 0 0 0 0
0 0 0 0 0 0 0 0
0.108506 0.0714711 0.0530103 0.0315874 0.0346903 0.0289073 0.0377667 0.0300841
0.102151 0.0804504 0.0477682 0.019003 0.0318435 0.0293213 0.128807 0.12342
0 0 0 0 0 0 0 0
0 0 0 0 0 0 0 0
0.194268 0.123991 0.0733606 0.0381589 0.0807934 0.121805 0.105398 0.0327322
0 0 0 0 0 0 0 0
0 0 0 0 0 0 0 0
0 0 0 0 0 0 0 0
0 0 0 0 0 0 0 0
0 0 0 0 0 0 0 0
0 0 0 0 0 0 0 0
0.160998 0.104909 0.0682107 0.0519454 0.0413676 0.0709009 0.194437 0.164764
0 0 0 0 0 0 0 0
0 0 0 0 0 0 0 0
0 0 0 0 0 0 0 0
0 0 0 0 0 0 0 0
0.20194 0.115258 0.0563144 0.0385293 0.0848692 0.110137 0.0946465 0.0312246
0.214266 0.137399 0.0903321 0.0147195 0.0324265 0.0718399 0.087001 0.035636
0 0 0 0 0 0 0 0
0 0 0 0 0 0 0 0
0 0 0 0 0 0 0 0
0 0 0 0 0 0 0 0
0.205807 0.132324 0.100044 0.0430783 0.0806177 0.117957 0.177651 0.116078
0 0 0 0 0 0 0 0
0 0 0 0 0 0 0 0
0.220812 0.151219 0.102685 0.0687764 0.0744745 0.0720646 0.105508 0.0699837
0 0 0 0 0 0 0 0
0 0 0 0 0 0 0 0
0 0 0 0 0 0 0 0
0 0 0 0 0 0 0 0
0 0 0 0 0 0 0 0
0.20998 0.140965 0.0898381 0.0405673 0.0686203 0.10673 0.174417 0.116386
