39
2
2
0 30 32 5 0 -1
8 30 16 5 0 2
haar_x4
-9.207743e-02 1 0
2
17 25 1 10 0 -1
17 30 1 5 0 2
haar_y2
-9.469058e-04 -1 -2
-1.665825e-01 5.989106e-01 -1.259471e-01 
2
2
0 25 1 10 0 -1
0 30 1 5 0 2
haar_y2
-1.642950e-05 1 0
2
29 17 6 2 0 -1
29 17 3 2 0 2
tilted_haar_x2
-4.143812e-03 -1 -2
-3.411553e-01 3.555853e-01 -5.671823e-02 
2
2
0 1 15 18 0 -1
5 7 5 6 0 9
haar_point
2.826523e-02 0 1
2
4 4 4 12 0 -1
4 10 4 6 0 2
haar_y2
-4.478170e-04 -1 -2
-2.357013e-01 2.869801e-01 -2.094360e-01 
2
2
31 34 2 1 0 -1
32 34 1 1 0 2
haar_x2
-9.972886e-05 0 1
2
29 34 6 1 0 -1
32 34 3 1 0 2
haar_x2
2.593824e-04 -1 -2
-4.892986e-01 1.639295e-01 -2.989263e-01 
2
2
5 17 8 4 0 -1
5 17 4 4 0 2
tilted_haar_x2
1.742332e-02 0 1
2
23 32 4 2 0 -1
25 32 2 2 0 2
haar_x2
2.115011e-04 -1 -2
-1.863391e-01 3.109941e-01 -1.450218e-01 
2
2
0 26 1 6 0 -1
0 29 1 3 0 2
haar_y2
-1.990824e-04 0 1
2
16 27 3 3 0 -1
17 27 1 3 0 3
haar_x3
5.446166e-04 -1 -2
-2.102832e-01 1.881383e-01 -4.532728e-01 
2
2
0 0 3 35 0 -1
1 0 1 35 0 3
haar_x3
-3.582061e-03 0 1
2
11 23 6 6 0 -1
9 25 6 2 0 3
tilted_haar_y3
4.720595e-03 -1 -2
4.044112e-01 -1.701990e-01 2.004377e-01 
2
2
22 23 1 4 0 -1
22 25 1 2 0 2
haar_y2
-2.242026e-04 1 0
2
21 24 3 2 0 -1
22 24 1 2 0 3
haar_x3
-3.438822e-04 -1 -2
-1.241453e-01 -3.821981e-01 3.036933e-01 
2
3
0 15 2 6 0 -1
0 15 1 3 0 2
1 18 1 3 0 2
haar_x2_y2
2.234414e-04 1 0
2
0 14 1 6 0 -1
0 17 1 3 0 2
haar_y2
-1.414274e-05 -1 -2
-3.710923e-01 2.073583e-01 -1.338043e-01 
2
2
0 0 4 18 0 -1
1 0 2 18 0 2
haar_x4
2.764416e-03 1 0
2
24 20 2 8 0 -1
24 20 2 4 0 2
tilted_haar_y2
1.224463e-02 -1 -2
3.564352e-01 -4.435273e-03 -4.645826e-01 
2
2
1 19 28 16 0 -1
1 27 28 8 0 2
haar_y2
9.628990e-02 1 0
3
15 26 10 4 0 -1
15 26 5 2 0 2
20 28 5 2 0 2
haar_x2_y2
-1.596490e-03 -1 -2
-5.305401e-01 2.760850e-01 -4.708371e-02 
2
3
14 18 14 8 0 -1
14 18 7 4 0 2
21 22 7 4 0 2
haar_x2_y2
-9.519457e-03 0 1
2
9 11 10 10 0 -1
9 16 10 5 0 2
haar_y2
3.476400e-03 -1 -2
2.447226e-01 -2.264852e-01 2.281917e-01 
2
2
0 14 26 4 0 -1
0 16 26 2 0 2
haar_y2
-7.091421e-03 1 0
2
6 34 26 1 0 -1
19 34 13 1 0 2
haar_x2
2.083562e-02 -1 -2
-1.314230e-01 7.071089e-02 6.094541e-01 
2
2
12 29 2 4 0 -1
12 29 1 4 0 2
tilted_haar_x2
-2.281481e-03 0 1
2
18 3 12 2 0 -1
18 4 12 1 0 2
haar_y2
-3.551811e-03 -1 -2
-5.542945e-01 3.414645e-01 -2.265919e-02 
2
3
31 4 4 8 0 -1
31 4 2 4 0 2
33 8 2 4 0 2
haar_x2_y2
-5.222658e-04 0 1
2
29 2 6 7 0 -1
32 2 3 7 0 2
haar_x2
-8.706099e-04 -1 -2
-2.374829e-01 -2.249570e-01 1.851304e-01 
2
2
27 5 8 3 0 -1
27 6 8 1 0 3
haar_y3
3.232566e-03 1 0
2
23 3 12 4 0 -1
23 4 12 2 0 2
haar_y4
2.597670e-03 -1 -2
4.080346e-01 -1.485597e-01 2.438303e-01 
2
2
28 1 6 30 0 -1
30 1 2 30 0 3
haar_x3
1.202083e-02 1 0
2
34 0 1 22 0 -1
34 11 1 11 0 2
haar_y2
-4.604894e-03 -1 -2
2.564864e-01 -3.850329e-01 2.353356e-02 
2
3
1 13 34 20 0 -1
1 13 17 10 0 2
18 23 17 10 0 2
haar_x2_y2
1.808820e-02 1 0
3
6 30 20 4 0 -1
6 30 10 2 0 2
16 32 10 2 0 2
haar_x2_y2
-3.042428e-03 -1 -2
1.039733e-01 2.705235e-01 -3.552698e-01 
2
2
20 24 2 3 0 -1
19 25 2 1 0 3
tilted_haar_y3
1.577798e-03 1 0
2
0 24 1 4 0 -1
0 26 1 2 0 2
haar_y2
-1.313753e-04 -1 -2
-6.139254e-01 -2.030992e-01 1.374837e-01 
2
2
26 25 9 3 0 -1
26 26 9 1 0 3
haar_y3
5.167697e-03 1 0
2
27 26 2 1 0 -1
28 26 1 1 0 2
haar_x2
-1.282047e-05 -1 -2
5.615019e-01 1.393661e-01 -1.600877e-01 
2
2
11 19 11 3 0 -1
11 20 11 1 0 3
haar_y3
3.753067e-03 1 0
2
28 6 7 3 0 -1
28 7 7 1 0 3
haar_y3
3.372639e-03 -1 -2
-5.933867e-01 -4.494836e-04 5.069380e-01 
2
2
29 22 2 3 0 -1
28 23 2 1 0 3
tilted_haar_y3
-1.923844e-03 0 1
2
26 10 3 6 0 -1
24 12 3 2 0 3
tilted_haar_y3
-3.809782e-03 -1 -2
-4.831708e-01 2.578075e-01 -6.070291e-02 
2
2
21 5 6 3 0 -1
23 5 2 3 0 3
haar_x3
2.151135e-03 1 0
2
19 6 6 1 0 -1
21 6 2 1 0 3
haar_x3
4.681320e-04 -1 -2
2.633556e-01 -2.173505e-01 2.029552e-01 
2
2
13 17 6 4 0 -1
16 17 3 4 0 2
haar_x2
-8.311433e-03 0 1
2
29 29 2 6 0 -1
30 29 1 6 0 2
haar_x2
-1.271867e-05 -1 -2
-6.056416e-01 2.079748e-01 -1.020121e-01 
2
2
0 0 24 6 0 -1
8 2 8 2 0 9
haar_point
-6.418059e-03 0 1
2
29 31 2 3 0 -1
30 31 1 3 0 2
haar_x2
-1.029314e-04 -1 -2
-2.415887e-01 -2.566758e-01 1.730331e-01 
2
2
24 15 4 20 0 -1
24 25 4 10 0 2
haar_y2
5.705237e-02 1 0
2
22 22 12 1 0 -1
22 22 6 1 0 2
tilted_haar_x2
-3.793059e-03 -1 -2
-6.721104e-01 1.542288e-01 -1.528628e-01 
2
2
21 22 2 8 0 -1
22 22 1 8 0 2
haar_x2
-2.198920e-03 0 1
2
17 3 2 26 0 -1
18 3 1 26 0 2
haar_x2
1.485005e-03 -1 -2
-7.977330e-01 -7.839177e-02 2.410908e-01 
2
3
0 12 2 12 0 -1
0 12 1 6 0 2
1 18 1 6 0 2
haar_x2_y2
-2.847750e-04 0 1
3
0 16 2 2 0 -1
0 16 1 1 0 2
1 17 1 1 0 2
haar_x2_y2
-1.502571e-05 -1 -2
-2.612905e-01 3.214480e-01 -4.040595e-02 
2
2
12 25 3 1 0 -1
13 26 1 1 0 3
tilted_haar_x3
1.519502e-03 1 0
2
34 23 1 8 0 -1
34 27 1 4 0 2
haar_y2
-1.521512e-05 -1 -2
-6.437717e-01 1.583668e-01 -1.390450e-01 
2
2
29 23 6 3 0 -1
29 24 6 1 0 3
haar_y3
-4.866824e-03 0 1
2
11 19 2 3 0 -1
12 19 1 3 0 2
haar_x2
2.658440e-04 -1 -2
6.064498e-01 -1.225888e-01 2.116104e-01 
2
2
13 20 13 4 0 -1
13 21 13 2 0 2
haar_y4
7.134547e-03 1 0
2
16 15 5 2 0 -1
16 15 5 1 0 2
tilted_haar_y2
-4.113200e-04 -1 -2
-7.503750e-01 2.110112e-01 -7.900593e-02 
2
2
13 17 4 4 0 -1
13 19 4 2 0 2
haar_y2
-2.151313e-03 0 1
2
33 7 1 10 0 -1
33 12 1 5 0 2
haar_y2
-3.130967e-05 -1 -2
2.499224e-01 4.763485e-02 -3.028353e-01 
2
2
29 1 6 27 0 -1
31 1 2 27 0 3
haar_x3
-2.355509e-02 0 1
2
9 4 25 3 0 -1
9 5 25 1 0 3
haar_y3
3.335490e-03 -1 -2
5.421398e-01 -1.142018e-01 2.400786e-01 
2
2
21 22 1 3 0 -1
20 23 1 1 0 3
tilted_haar_y3
7.979089e-04 1 0
2
19 23 4 2 0 -1
21 23 2 2 0 2
haar_x2
-5.319340e-04 -1 -2
-4.741576e-01 3.264785e-01 -4.912913e-02 
2
2
0 4 12 31 0 -1
6 4 6 31 0 2
haar_x2
-4.674283e-02 1 0
2
14 2 2 14 0 -1
14 2 1 14 0 2
tilted_haar_x2
-4.531313e-04 -1 -2
-1.849427e-01 4.498252e-01 -1.281180e-02 
2
3
2 0 2 4 0 -1
2 0 1 2 0 2
3 2 1 2 0 2
haar_x2_y2
-1.310870e-04 0 1
2
27 0 6 10 0 -1
27 5 6 5 0 2
haar_y2
1.447195e-03 -1 -2
-3.370003e-01 1.691546e-01 -2.191456e-01 
2
2
10 18 12 13 0 -1
14 18 4 13 0 3
haar_x3
-1.080761e-02 0 1
2
15 24 4 1 0 -1
17 24 2 1 0 2
haar_x2
-2.260918e-04 -1 -2
1.421233e-01 1.583232e-01 -2.866487e-01 
2
3
3 0 2 2 0 -1
3 0 1 1 0 2
4 1 1 1 0 2
haar_x2_y2
-1.382253e-05 0 1
3
3 0 2 2 0 -1
3 0 1 1 0 2
4 1 1 1 0 2
haar_x2_y2
1.208405e-05 -1 -2
1.908996e-01 -3.570347e-01 9.553671e-02 
2
3
0 0 6 4 0 -1
0 0 3 2 0 2
3 2 3 2 0 2
haar_x2_y2
8.759061e-04 1 0
3
23 17 6 8 0 -1
23 17 3 4 0 2
26 21 3 4 0 2
haar_x2_y2
-2.304862e-03 -1 -2
-4.308400e-01 2.814397e-01 -5.963471e-02 
-1.354553e+00

15
-1
