28
2
2
11 34 24 1 0 -1
23 34 12 1 0 2
haar_x2
1.137409e-02 0 1
2
0 14 16 21 0 -1
8 14 8 21 0 2
haar_x2
-1.165978e-01 -1 -2
-3.175205e-01 5.513051e-01 -1.849627e-01 
2
2
0 21 2 14 0 -1
0 28 2 7 0 2
haar_y2
-1.023320e-04 1 0
2
1 24 1 10 0 -1
1 29 1 5 0 2
haar_y2
-5.397398e-04 -1 -2
-3.816664e-01 -6.790283e-02 4.267174e-01 
2
2
28 16 6 7 0 -1
30 18 2 7 0 3
tilted_haar_x3
-1.076774e-02 1 0
2
8 0 16 5 0 -1
8 0 8 5 0 2
tilted_haar_x2
5.118342e-02 -1 -2
-1.435564e-01 -2.172166e-01 5.644082e-01 
2
2
12 0 4 1 0 -1
14 0 2 1 0 2
haar_x2
-1.539117e-04 0 1
2
8 15 16 4 0 -1
16 15 8 4 0 2
haar_x2
-3.876667e-02 -1 -2
-3.643061e-01 -6.653530e-01 1.497691e-01 
2
2
4 0 31 3 0 -1
4 1 31 1 0 3
haar_y3
6.880989e-03 1 0
2
15 1 14 4 0 -1
15 2 14 2 0 2
haar_y4
2.255160e-03 -1 -2
4.965420e-01 -2.088327e-01 2.650532e-01 
2
2
30 31 4 2 0 -1
32 31 2 2 0 2
haar_x2
2.792963e-04 1 0
2
30 32 4 1 0 -1
32 32 2 1 0 2
haar_x2
-2.333036e-04 -1 -2
-3.801709e-01 -4.484066e-01 2.213093e-01 
2
2
27 20 4 5 0 -1
28 21 2 5 0 2
tilted_haar_x4
2.853412e-03 1 0
2
24 22 1 4 0 -1
24 24 1 2 0 2
haar_y2
-1.020624e-04 -1 -2
3.172046e-01 9.909232e-02 -3.387877e-01 
2
2
8 10 10 8 0 -1
13 10 5 8 0 2
haar_x2
-1.782366e-03 1 0
2
0 0 20 22 0 -1
10 0 10 22 0 2
haar_x2
-2.717182e-01 -1 -2
-3.126681e-01 -6.703635e-01 1.620722e-01 
2
2
31 28 1 6 0 -1
31 31 1 3 0 2
haar_y2
-1.883795e-05 1 0
2
23 19 12 1 0 -1
23 19 6 1 0 2
tilted_haar_x2
-1.613580e-03 -1 -2
-2.023442e-01 3.433790e-01 -2.204953e-01 
2
2
2 22 22 9 0 -1
2 25 22 3 0 3
haar_y3
2.521989e-03 0 1
2
14 27 1 3 0 -1
14 28 1 1 0 3
haar_y3
-3.827470e-04 -1 -2
-1.721253e-01 -5.285847e-01 2.705413e-01 
2
2
20 24 1 3 0 -1
19 25 1 1 0 3
tilted_haar_y3
1.031996e-03 1 0
2
0 3 2 14 0 -1
0 10 2 7 0 2
haar_y2
-8.041792e-05 -1 -2
-7.145730e-01 1.906057e-01 -1.809690e-01 
2
2
13 5 12 3 0 -1
12 6 12 1 0 3
tilted_haar_y3
1.353858e-03 1 0
2
12 11 3 6 0 -1
12 13 3 2 0 3
haar_y3
1.238745e-03 -1 -2
2.583744e-01 -2.688836e-01 1.645775e-01 
2
2
0 11 1 4 0 -1
0 13 1 2 0 2
haar_y2
-1.814663e-04 0 1
2
25 17 3 9 0 -1
22 20 3 3 0 3
tilted_haar_y3
1.993018e-02 -1 -2
-3.197102e-01 1.492038e-01 -6.124814e-01 
2
2
6 33 18 2 0 -1
15 33 9 2 0 2
haar_x2
1.843679e-02 1 0
2
16 22 1 6 0 -1
16 25 1 3 0 2
haar_y2
-6.401642e-04 -1 -2
3.238106e-01 1.674735e-01 -2.269414e-01 
2
2
29 2 1 6 0 -1
27 4 1 2 0 3
tilted_haar_y3
1.094579e-03 1 0
2
19 10 6 4 0 -1
21 10 2 4 0 3
haar_x3
3.643910e-03 -1 -2
2.392001e-01 -2.328077e-01 3.206722e-01 
2
2
22 8 4 7 0 -1
23 8 2 7 0 2
haar_x4
1.241466e-03 1 0
2
24 9 2 5 0 -1
25 9 1 5 0 2
haar_x2
3.615413e-04 -1 -2
2.928305e-01 -3.222573e-01 1.010842e-01 
2
2
16 8 4 24 0 -1
16 20 4 12 0 2
haar_y2
2.699782e-02 1 0
2
9 0 8 3 0 -1
13 0 4 3 0 2
haar_x2
1.002592e-03 -1 -2
-6.555606e-01 1.543825e-01 -2.905044e-01 
2
2
26 0 5 4 0 -1
25 1 5 2 0 2
tilted_haar_y4
-2.377094e-03 0 1
2
0 0 4 8 0 -1
0 4 4 4 0 2
haar_y2
-6.518972e-06 -1 -2
3.123816e-01 7.043842e-02 -3.432812e-01 
2
2
12 27 3 1 0 -1
13 28 1 1 0 3
tilted_haar_x3
1.101462e-03 1 0
3
2 3 8 4 0 -1
2 3 4 2 0 2
6 5 4 2 0 2
haar_x2_y2
3.700922e-04 -1 -2
-5.661331e-01 1.477076e-01 -2.562491e-01 
2
3
2 0 2 2 0 -1
2 0 1 1 0 2
3 1 1 1 0 2
haar_x2_y2
-1.355960e-05 0 1
3
2 0 2 2 0 -1
2 0 1 1 0 2
3 1 1 1 0 2
haar_x2_y2
1.285996e-05 -1 -2
2.472295e-01 -4.411023e-01 1.137841e-01 
2
2
20 0 12 1 0 -1
26 0 6 1 0 2
haar_x2
8.277830e-04 0 1
2
17 0 5 10 0 -1
17 5 5 5 0 2
haar_y2
1.322323e-02 -1 -2
9.849788e-02 -4.430268e-01 4.728229e-01 
2
3
30 2 4 8 0 -1
30 2 2 4 0 2
32 6 2 4 0 2
haar_x2_y2
-6.877818e-04 0 1
3
33 0 2 10 0 -1
33 0 1 5 0 2
34 5 1 5 0 2
haar_x2_y2
3.807049e-04 -1 -2
-3.182816e-01 1.942829e-01 -3.130426e-01 
2
2
19 3 16 3 0 -1
19 4 16 1 0 3
haar_y3
4.990609e-03 1 0
2
8 4 27 3 0 -1
8 5 27 1 0 3
haar_y3
7.391751e-03 -1 -2
4.303817e-01 -1.535469e-01 4.381697e-01 
2
2
18 24 1 2 0 -1
18 25 1 1 0 2
haar_y2
-4.842494e-04 0 1
2
8 7 2 20 0 -1
9 7 1 20 0 2
haar_x2
-2.298518e-03 -1 -2
-7.055792e-01 2.784579e-01 -8.476780e-02 
2
2
23 26 1 2 0 -1
23 27 1 1 0 2
haar_y2
-1.370934e-05 0 1
2
15 28 12 1 0 -1
21 28 6 1 0 2
haar_x2
9.579054e-04 -1 -2
1.676340e-01 -5.447016e-01 -1.744999e-02 
2
2
0 24 15 10 0 -1
5 24 5 10 0 3
haar_x3
-2.959060e-02 0 1
2
0 26 4 6 0 -1
0 29 4 3 0 2
haar_y2
-1.150882e-03 -1 -2
2.659929e-01 -4.094239e-01 5.904262e-02 
2
2
3 31 2 1 0 -1
4 31 1 1 0 2
haar_x2
-8.049191e-05 0 1
3
10 20 4 8 0 -1
10 20 2 4 0 2
12 24 2 4 0 2
haar_x2_y2
1.138335e-03 -1 -2
-2.794623e-01 -3.337252e-02 3.757351e-01 
2
2
14 30 3 1 0 -1
15 30 1 1 0 3
haar_x3
-1.851941e-04 0 1
2
15 7 6 2 0 -1
17 7 2 2 0 3
haar_x3
1.156812e-03 -1 -2
-3.762876e-01 -2.575827e-02 3.708992e-01 
-1.531732e+00

9
-1
