19
2
2
0 12 18 23 0 -1
9 12 9 23 0 2
haar_x2
-1.376717e-01 1 0
2
9 31 26 4 0 -1
22 31 13 4 0 2
haar_x2
4.103446e-02 -1 -2
-4.537293e-01 -1.450009e-01 7.444066e-01 
2
2
13 0 14 8 0 -1
13 0 7 8 0 2
tilted_haar_x2
4.297654e-02 0 1
2
26 15 9 9 0 -1
29 18 3 9 0 3
tilted_haar_x3
-3.261816e-02 -1 -2
-4.148257e-01 7.616077e-01 7.891110e-02 
2
2
1 23 6 12 0 -1
1 29 6 6 0 2
haar_y2
-1.857685e-04 1 0
2
24 12 10 15 0 -1
29 12 5 15 0 2
haar_x2
2.009067e-02 -1 -2
-4.481301e-01 -9.888242e-02 3.921549e-01 
2
2
7 33 22 2 0 -1
18 33 11 2 0 2
haar_x2
2.362928e-02 1 0
2
18 24 7 6 0 -1
18 27 7 3 0 2
haar_y2
-3.345556e-03 -1 -2
4.003045e-01 1.772679e-01 -3.457999e-01 
2
2
19 0 4 10 0 -1
19 5 4 5 0 2
haar_y2
-6.068605e-03 0 1
2
6 13 6 10 0 -1
6 18 6 5 0 2
haar_y2
-7.811313e-03 -1 -2
2.437500e-01 5.642414e-02 -5.186332e-01 
2
2
27 19 6 10 0 -1
29 21 2 10 0 3
tilted_haar_x3
1.374990e-02 1 0
2
23 24 2 2 0 -1
23 25 2 1 0 2
haar_y2
-9.715276e-05 -1 -2
4.070231e-01 1.897192e-01 -3.216914e-01 
2
2
1 0 29 32 0 -1
1 16 29 16 0 2
haar_y2
-1.161645e-01 1 0
2
0 3 1 4 0 -1
0 5 1 2 0 2
haar_y2
-1.663125e-04 -1 -2
-3.121031e-01 -3.806995e-01 2.733643e-01 
2
2
26 5 2 11 0 -1
27 5 1 11 0 2
haar_x2
1.444686e-03 1 0
2
22 6 6 6 0 -1
24 6 2 6 0 3
haar_x3
3.869468e-03 -1 -2
3.448514e-01 -3.142535e-01 3.238033e-01 
2
2
19 6 6 7 0 -1
21 6 2 7 0 3
haar_x3
5.658038e-03 1 0
2
17 10 4 1 0 -1
18 10 2 1 0 2
haar_x4
2.652222e-04 -1 -2
4.513682e-01 -2.292895e-01 3.173209e-01 
2
2
15 0 20 1 0 -1
25 0 10 1 0 2
haar_x2
2.265376e-03 1 0
2
25 0 10 2 0 -1
30 0 5 2 0 2
haar_x2
-1.562610e-03 -1 -2
-3.744596e-01 -3.075418e-01 2.587566e-01 
2
2
24 10 6 11 0 -1
26 12 2 11 0 3
tilted_haar_x3
8.297176e-03 1 0
2
14 29 4 6 0 -1
14 32 4 3 0 2
haar_y2
-4.146708e-03 -1 -2
3.507785e-01 2.728756e-01 -2.718979e-01 
2
2
7 20 11 4 0 -1
7 22 11 2 0 2
haar_y2
-2.212713e-03 0 1
3
5 22 12 2 0 -1
5 22 6 1 0 2
11 23 6 1 0 2
haar_x2_y2
2.561809e-04 -1 -2
2.532119e-01 -4.224522e-01 1.028512e-01 
2
2
0 0 14 34 0 -1
7 0 7 34 0 2
haar_x2
-7.804013e-02 0 1
2
3 17 8 11 0 -1
7 17 4 11 0 2
haar_x2
1.464870e-02 -1 -2
2.044077e-01 -3.559749e-01 4.549053e-01 
2
2
20 22 1 4 0 -1
19 23 1 2 0 2
tilted_haar_y4
1.136112e-03 1 0
2
15 24 3 7 0 -1
16 24 1 7 0 3
haar_x3
1.355948e-03 -1 -2
-5.830973e-01 1.413893e-01 -6.329207e-01 
2
2
27 31 6 4 0 -1
27 33 6 2 0 2
haar_y2
-6.964552e-06 1 0
2
33 26 2 2 0 -1
34 26 1 2 0 2
haar_x2
-1.844286e-04 -1 -2
-2.374457e-01 -3.761628e-01 2.807555e-01 
2
2
18 13 14 2 0 -1
18 14 14 1 0 2
haar_y2
-8.463387e-04 0 1
2
9 18 6 2 0 -1
9 19 6 1 0 2
haar_y2
-3.551514e-04 -1 -2
2.578127e-01 1.157247e-01 -3.548800e-01 
2
2
29 2 4 8 0 -1
29 2 4 4 0 2
tilted_haar_y2
2.221159e-02 1 0
2
28 0 7 6 0 -1
26 2 7 2 0 3
tilted_haar_y3
-1.415881e-02 -1 -2
3.144090e-01 4.070288e-01 -2.275121e-01 
2
2
21 1 2 19 0 -1
22 1 1 19 0 2
haar_x2
6.793422e-04 1 0
2
19 1 3 20 0 -1
20 1 1 20 0 3
haar_x3
7.808765e-04 -1 -2
2.489979e-01 -4.409591e-01 1.481740e-01 
2
2
0 0 21 1 0 -1
7 0 7 1 0 3
haar_x3
-6.136964e-04 1 0
2
16 0 6 10 0 -1
16 0 3 10 0 2
tilted_haar_x2
-1.151206e-02 -1 -2
1.404317e-01 3.933567e-01 -5.365374e-01 
-1.663314e+00

4
-1
