45
2
3
15 22 14 12 0 -1
15 22 7 6 0 2
22 28 7 6 0 2
haar_x2_y2
2.284509e-02 0 1
2
26 33 8 2 0 -1
30 33 4 2 0 2
haar_x2
1.688838e-04 -1 -2
-1.896491e-01 4.646004e-01 -1.811812e-01 
2
2
4 31 15 4 0 -1
4 33 15 2 0 2
haar_y2
-4.306365e-03 1 0
2
0 23 16 10 0 -1
8 23 8 10 0 2
haar_x2
-5.326467e-02 -1 -2
-1.221682e-01 5.181733e-01 -1.664804e-01 
2
2
0 18 2 14 0 -1
0 25 2 7 0 2
haar_y2
-2.076799e-05 1 0
2
29 28 6 5 0 -1
32 28 3 5 0 2
haar_x2
-1.184123e-03 -1 -2
-3.301589e-01 -3.206675e-01 1.575557e-01 
2
2
0 1 18 12 0 -1
6 5 6 4 0 9
haar_point
3.353116e-02 0 1
2
4 0 4 10 0 -1
4 5 4 5 0 2
haar_y2
-1.257456e-04 -1 -2
-1.492801e-01 3.665681e-01 -6.957991e-02 
2
2
0 0 24 25 0 -1
12 0 12 25 0 2
haar_x2
-3.573767e-01 0 1
2
0 18 12 10 0 -1
6 18 6 10 0 2
haar_x2
-2.890732e-02 -1 -2
-5.646206e-01 1.466506e-01 -1.467248e-01 
2
2
13 29 21 6 0 -1
20 29 7 6 0 3
haar_x3
-8.044468e-02 0 1
2
9 17 15 3 0 -1
14 18 5 1 0 9
haar_point
1.927505e-02 -1 -2
6.422732e-01 2.500963e-04 -6.310629e-01 
2
2
23 22 5 8 0 -1
23 24 5 4 0 2
haar_y4
5.327899e-03 1 0
2
8 17 8 6 0 -1
6 19 8 2 0 3
tilted_haar_y3
5.360415e-03 -1 -2
3.010764e-01 -1.681930e-01 1.651274e-01 
2
2
28 5 2 12 0 -1
29 5 1 12 0 2
haar_x2
9.745087e-04 1 0
2
25 5 6 5 0 -1
27 5 2 5 0 3
haar_x3
2.128902e-03 -1 -2
1.615713e-01 -2.627307e-01 1.081258e-01 
2
2
30 30 4 5 0 -1
32 30 2 5 0 2
haar_x2
-1.287499e-05 0 1
2
9 0 15 24 0 -1
9 8 15 8 0 3
haar_y3
6.506640e-02 -1 -2
1.438214e-01 -2.601617e-01 2.043123e-01 
2
2
13 7 14 14 0 -1
20 7 7 14 0 2
haar_x2
-4.468258e-02 0 1
2
21 9 8 10 0 -1
21 9 8 5 0 2
tilted_haar_y2
-9.277700e-03 -1 -2
-3.923569e-01 3.523054e-01 -4.741155e-02 
2
2
15 1 1 32 0 -1
15 17 1 16 0 2
haar_y2
-4.088708e-04 1 0
2
26 30 8 3 0 -1
28 30 4 3 0 2
haar_x4
2.774519e-04 -1 -2
-4.099089e-01 1.673177e-01 -1.498503e-01 
2
2
19 4 6 8 0 -1
21 4 2 8 0 3
haar_x3
-2.058895e-02 0 1
2
31 7 4 27 0 -1
32 7 2 27 0 2
haar_x4
3.001987e-03 -1 -2
5.931603e-01 -1.175078e-01 2.072938e-01 
2
2
11 24 3 1 0 -1
12 25 1 1 0 3
tilted_haar_x3
1.666027e-03 1 0
2
6 10 13 6 0 -1
4 12 13 2 0 3
tilted_haar_y3
6.534320e-03 -1 -2
-6.503133e-01 -5.235606e-02 2.724310e-01 
2
2
22 22 12 1 0 -1
22 22 6 1 0 2
tilted_haar_x2
-2.862602e-04 1 0
2
30 27 2 8 0 -1
30 31 2 4 0 2
haar_y2
-8.885535e-05 -1 -2
-2.509611e-01 2.488025e-01 -1.195500e-01 
2
3
33 0 2 12 0 -1
33 0 1 6 0 2
34 6 1 6 0 2
haar_x2_y2
-1.869528e-03 0 1
3
0 3 4 4 0 -1
0 3 2 2 0 2
2 5 2 2 0 2
haar_x2_y2
-2.811973e-04 -1 -2
-4.902624e-01 -3.070115e-01 1.071797e-01 
2
2
9 17 24 18 0 -1
17 23 8 6 0 9
haar_point
-2.227945e-01 1 0
2
10 0 18 10 0 -1
10 5 18 5 0 2
haar_y2
-5.861883e-02 -1 -2
6.541166e-02 2.928061e-01 -5.190222e-01 
2
2
1 5 12 3 0 -1
1 6 12 1 0 3
haar_y3
-6.122914e-03 0 1
2
17 26 3 5 0 -1
18 26 1 5 0 3
haar_x3
7.670916e-04 -1 -2
5.675081e-01 1.146135e-02 -4.341332e-01 
2
3
0 17 16 6 0 -1
0 17 8 3 0 2
8 20 8 3 0 2
haar_x2_y2
-7.171647e-03 0 1
2
5 29 18 6 0 -1
14 29 9 6 0 2
haar_x2
7.523436e-02 -1 -2
2.166007e-01 -1.477858e-01 4.660629e-01 
2
2
7 20 3 6 0 -1
7 23 3 3 0 2
haar_y2
-5.763473e-03 0 1
2
23 22 2 3 0 -1
23 22 1 3 0 2
tilted_haar_x2
5.352797e-04 -1 -2
-4.095960e-01 -5.589477e-02 2.540424e-01 
2
2
25 18 6 7 0 -1
27 20 2 7 0 3
tilted_haar_x3
9.051317e-03 1 0
2
25 23 9 3 0 -1
28 24 3 1 0 9
haar_point
6.612374e-03 -1 -2
2.446296e-01 -1.969472e-01 1.709929e-01 
2
2
8 21 9 4 0 -1
7 22 9 2 0 2
tilted_haar_y4
-1.807458e-03 0 1
3
17 12 2 6 0 -1
17 12 1 3 0 2
18 15 1 3 0 2
haar_x2_y2
2.824865e-04 -1 -2
2.095416e-01 -2.150454e-01 1.121610e-01 
2
3
1 24 6 6 0 -1
1 24 3 3 0 2
4 27 3 3 0 2
haar_x2_y2
3.261338e-04 0 1
2
2 10 2 20 0 -1
2 15 2 10 0 2
haar_y4
9.508925e-03 -1 -2
9.124546e-02 -3.521325e-01 2.590072e-01 
2
2
31 1 4 3 0 -1
31 2 4 1 0 3
haar_y3
-5.522364e-03 0 1
2
23 0 12 3 0 -1
23 1 12 1 0 3
haar_y3
-8.204296e-03 -1 -2
6.498831e-01 5.207002e-01 -7.012003e-02 
2
2
4 5 12 3 0 -1
7 8 6 3 0 2
tilted_haar_x4
1.220460e-02 0 1
2
6 18 7 12 0 -1
6 24 7 6 0 2
haar_y2
1.635609e-02 -1 -2
-1.162655e-01 2.461548e-01 -5.403227e-01 
2
2
17 4 6 4 0 -1
19 6 2 4 0 3
tilted_haar_x3
2.112254e-02 1 0
3
9 0 4 4 0 -1
9 0 2 2 0 2
11 2 2 2 0 2
haar_x2_y2
2.140877e-04 -1 -2
-8.187556e-01 9.135816e-02 -2.487574e-01 
2
2
20 25 2 5 0 -1
21 25 1 5 0 2
haar_x2
-1.575657e-03 0 1
2
18 27 4 1 0 -1
20 27 2 1 0 2
haar_x2
-2.112217e-04 -1 -2
-7.405864e-01 2.529796e-01 -6.284818e-02 
2
2
22 19 3 2 0 -1
22 19 3 1 0 2
tilted_haar_y2
-2.348677e-03 0 1
2
14 18 1 6 0 -1
14 20 1 2 0 3
haar_y3
2.652164e-04 -1 -2
-5.855544e-01 -7.490420e-02 2.120595e-01 
2
2
13 20 2 3 0 -1
13 21 2 1 0 3
haar_y3
1.013536e-03 1 0
2
0 12 4 23 0 -1
2 12 2 23 0 2
haar_x2
-8.736696e-03 -1 -2
-5.777291e-01 2.802634e-01 -4.349802e-02 
2
2
15 21 1 12 0 -1
15 21 1 6 0 2
tilted_haar_y2
-5.281454e-03 0 1
2
0 2 10 25 0 -1
5 2 5 25 0 2
haar_x2
-3.961952e-02 -1 -2
1.587947e-01 1.068339e-01 -3.105253e-01 
2
2
3 16 14 3 0 -1
3 16 7 3 0 2
tilted_haar_x2
-4.038072e-03 0 1
2
1 26 2 2 0 -1
2 26 1 2 0 2
haar_x2
-1.268220e-04 -1 -2
4.475972e-01 -3.238061e-01 3.274753e-02 
2
3
4 4 2 2 0 -1
4 4 1 1 0 2
5 5 1 1 0 2
haar_x2_y2
-1.321493e-05 0 1
3
4 5 2 2 0 -1
4 5 1 1 0 2
5 6 1 1 0 2
haar_x2_y2
-1.372707e-05 -1 -2
1.804294e-01 1.717232e-01 -2.505681e-01 
2
3
2 3 6 6 0 -1
2 3 3 3 0 2
5 6 3 3 0 2
haar_x2_y2
-6.210297e-04 0 1
2
0 15 28 20 0 -1
0 25 28 10 0 2
haar_y2
8.856947e-02 -1 -2
-2.549996e-01 1.181019e-01 -5.304388e-01 
2
2
28 20 7 3 0 -1
28 21 7 1 0 3
haar_y3
4.098346e-03 1 0
2
6 33 2 2 0 -1
7 33 1 2 0 2
haar_x2
-1.222244e-04 -1 -2
5.181037e-01 -2.245408e-01 6.421965e-02 
2
2
23 16 3 12 0 -1
23 20 3 4 0 3
haar_y3
-1.434719e-02 0 1
2
20 25 1 3 0 -1
20 26 1 1 0 3
haar_y3
4.808021e-04 -1 -2
3.688218e-01 -8.751156e-03 -5.700366e-01 
2
2
28 18 1 3 0 -1
27 19 1 1 0 3
tilted_haar_y3
2.315113e-03 1 0
2
2 3 19 3 0 -1
2 4 19 1 0 3
haar_y3
2.933827e-03 -1 -2
-7.285373e-01 -4.273363e-02 3.100021e-01 
2
2
7 3 27 4 0 -1
7 4 27 2 0 2
haar_y4
-6.892525e-04 1 0
2
10 34 18 1 0 -1
19 34 9 1 0 2
haar_x2
5.134239e-03 -1 -2
-1.247015e-01 -7.830638e-02 3.686479e-01 
2
2
20 0 12 1 0 -1
26 0 6 1 0 2
haar_x2
-6.671180e-04 0 1
2
17 4 9 3 0 -1
20 4 3 3 0 3
haar_x3
5.729685e-03 -1 -2
-2.253190e-01 2.906204e-02 4.775407e-01 
2
2
2 0 4 14 0 -1
2 7 4 7 0 2
haar_y2
-1.965499e-04 0 1
2
15 0 2 11 0 -1
15 0 1 11 0 2
tilted_haar_x2
-3.452082e-04 -1 -2
1.036407e-01 1.051581e-01 -4.179476e-01 
2
2
15 16 4 2 0 -1
17 16 2 2 0 2
haar_x2
-3.822407e-04 1 0
2
11 15 14 2 0 -1
18 15 7 2 0 2
haar_x2
-1.511296e-02 -1 -2
-1.094585e-01 -5.995077e-01 2.451950e-01 
2
2
1 1 1 8 0 -1
1 5 1 4 0 2
haar_y2
-3.240519e-04 1 0
2
2 2 8 12 0 -1
2 6 8 4 0 3
haar_y3
-3.399758e-03 -1 -2
8.383061e-02 2.965321e-02 -5.550460e-01 
2
2
9 5 10 10 0 -1
9 10 10 5 0 2
haar_y2
-2.664174e-02 1 0
3
7 17 10 8 0 -1
7 17 5 4 0 2
12 21 5 4 0 2
haar_x2_y2
3.982672e-03 -1 -2
-1.175624e-01 -4.708422e-02 4.516098e-01 
2
2
19 23 1 2 0 -1
19 24 1 1 0 2
haar_y2
-4.011428e-04 0 1
2
21 9 9 1 0 -1
24 9 3 1 0 3
haar_x3
1.461574e-03 -1 -2
-4.959368e-01 -3.587414e-02 2.887034e-01 
2
2
17 8 18 3 0 -1
23 8 6 3 0 3
haar_x3
-9.422325e-03 0 1
2
29 7 6 3 0 -1
31 8 2 1 0 9
haar_point
-5.863743e-03 -1 -2
1.601917e-01 3.558353e-01 -2.000141e-01 
2
2
33 25 1 6 0 -1
33 28 1 3 0 2
haar_y2
-1.248023e-05 1 0
2
32 30 1 4 0 -1
32 32 1 2 0 2
haar_y2
-2.177617e-04 -1 -2
-1.684865e-01 -2.502074e-01 2.046269e-01 
2
2
26 23 9 12 0 -1
26 27 9 4 0 3
haar_y3
3.338297e-02 1 0
2
28 18 6 6 0 -1
30 20 2 6 0 3
tilted_haar_x3
-4.202014e-02 -1 -2
4.249484e-01 8.056800e-01 -8.406612e-02 
-1.271211e+00

18
-1
